Channel : 20
127.47548783982	128.413394939936	138.798414976541	151.716841517348	156.236999459155	158.600126103355	158.600126103355	161.027947884831	161.027947884831	160.430670384437	160.430670384437	160.031246948838	157.079597656729	157.079597656729	154.175224987674	151.320851173921	148.519359007504	145.773797371133	143.087385887086	140.463518395347	130.667517004036	118.701305805791	107.563934476199	103.585713300628	99.247166206396	102.615788258922	109.59014554238	113.991227732664	123.555655475579	125.896783120142	128.693434175952	128.817700647077	
129.838361049422	127.192767089957	133.454111963626	145.499140890934	153.941547348336	156.236999459155	158.600126103355	158.600126103355	161.027947884831	161.027947884831	160.430670384437	157.384878562078	157.384878562078	154.382641511279	151.426549851735	152.029602380589	151.320851173921	145.663996924429	145.773797371133	142.34113952052	132.280006047777	122.873919120373	111.6154111223	103.94229168149	99.0454441153151	100.129915609672	101.242283656583	107.823930553472	113.004424692133	120.507261192013	123.036579926459	123.166553901617	
132.853302555864	127.192767089957	129.437243481156	138.397976863826	149.566038925954	154.508899420066	156.236999459155	158.600126103355	158.600126103355	161.027947884831	157.892368403289	157.892368403289	157.384878562078	154.382641511279	154.382641511279	151.426549851735	148.519359007504	145.663996924429	142.863571283935	140.121375956704	137.440896388229	124.201449266907	115.247559627091	105.004761796787	96.1769203083567	95.0473566176356	97.7445650662992	102.693719379522	106.329676008159	109.808924956034	117.379725676967	114.86513831446	
138.397976863826	129.065874653217	127.47548783982	133.764718816286	143.589693223434	151.716841517348	156.236999459155	156.236999459155	158.600126103355	158.600126103355	157.892368403289	157.892368403289	154.796640790425	154.796640790425	151.74320413119	148.734663074886	151.426549851735	145.773797371133	142.863571283935	140.007142674936	137.207871494313	131.795295818933	121.827747249959	109.59014554238	98.7623410010111	95.6347217280419	95.2575456328789	93.8616002420585	97.0463806640928	99.569071503153	106.066017177982	106.667708328247	
145.013792447477	132.853302555864	127.035428129321	129.065874653217	136.857590216984	145.499140890934	153.941547348336	156.236999459155	156.236999459155	158.600126103355	158.600126103355	156.02884348735	157.892368403289	154.796640790425	151.74320413119	151.74320413119	148.734663074886	145.773797371133	142.863571283935	140.007142674936	137.207871494313	131.552270980018	126.150703525585	111.830228471554	100.647901120689	92.9623579735368	91.0494371207203	87.692645073575	83.4865258589672	83.0060238777885	89.2748564826626	89.8109124772708	
151.716841517348	137.615406114286	128.269248068272	127.393092434402	131.734581640509	138.798414976541	151.716841517348	153.941547348336	156.236999459155	156.236999459155	158.600126103355	155.415571935376	155.415571935376	152.269497930479	152.269497930479	149.164338901763	148.734663074886	146.102703602637	143.087385887086	140.121375956704	137.207871494313	134.350288425444	131.552270980018	118.600168633944	101.71037311897	97.4987179402888	88.283633817373	79	67.8969807870718	68.5419579527752	72.3463889907437	73.0068489937759	
153.941547348336	143.589693223434	131.734581640509	127.192767089957	128.413394939936	132.853302555864	140.035709731482	145.499140890934	151.716841517348	156.236999459155	156.236999459155	155.425223178222	155.415571935376	153.05227865014	152.269497930479	149.164338901763	149.164338901763	146.102703602637	143.087385887086	140.121375956704	137.207871494313	134.46932735758	131.552270980018	125.896783120142	103.585713300628	97.4166310236604	81.1541742610939	68.6585755750875	55	53.160135440008	53.0094331227943	56.302753041037	
156.236999459155	151.716841517348	136.857590216984	129.065874653217	127	129.065874653217	134.082064423248	140.035709731482	145.499140890934	151.716841517348	153.941547348336	156.236999459155	153.003267938956	153.003267938956	149.806541913229	149.806541913229	146.649241389105	145.866377208732	143.533968105114	140.463518395347	137.440896388229	134.46932735758	128.817700647077	125.896783120142	104.35037134577	94.9210198006743	76.2758153020995	63.1347764706584	44.3846820423443	39	33.0151480384384	36.3593179253957	
156.236999459155	153.941547348336	144.533733086778	134.082064423248	128.003906190397	127.035428129321	129.065874653217	132.853302555864	138.397976863826	143.589693223434	147.492372684149	151.716841517348	150.658554353877	150.658554353877	147.410990092327	147.410990092327	144.201248260894	144.201248260894	141.031911282518	137.905764926634	134.825813552153	132.280006047777	121.827747249959	118.600168633944	104.316825105062	93.0053761886914	75.4320886625844	58.0517010948	41.1096095821889	25.4950975679639	15.2970585407784	15.2970585407784	
158.600126103355	156.236999459155	151.716841517348	140.035709731482	131.734581640509	127.663620503258	127.192767089957	128.565158577276	131.734581640509	136.857590216984	140.035709731482	143.589693223434	145.499140890934	144.062486442516	142.523682242636	140.662717164144	143.391073641284	139.520607796841	136.242430982422	133.962681370597	128.413394939936	123.97580409096	118.701305805791	113.251931550857	101.242283656583	95.3414914924242	77.4725757929863	63.3245607959503	44.3846820423443	27.8926513619627	7	11.4017542509914	
158.600126103355	157.410291912568	153.941547348336	148.519359007504	138.397976863826	131.734581640509	127.47548783982	127	127.882758806651	130.728726758888	132.853302555864	135.417871789509	137.233377864133	134.736780427617	134.736780427617	134.736780427617	134.647688431699	132.823190746195	129.251692445399	123.878973195615	123.878973195615	118.532695911297	110.136279218067	106.404887105809	100.129915609672	96.8813707582629	86.7006343690748	71.175838597097	55	43.5660418215839	27.459060435492	29.1547594742265	
161.027947884831	158.600126103355	156.236999459155	153.941547348336	145.499140890934	137.615406114286	130.728726758888	128.413394939936	127.035428129321	127.47548783982	128.413394939936	129.838361049422	131.734581640509	132.853302555864	127.882758806651	129.034879005639	126.530628703093	125.542821379799	121.433109158911	121.433109158911	116.387284528852	111.400179533069	108.673823895177	104.737767782209	99	95.0473566176356	91.0494371207203	83.2946576918352	73.4982993000518	60.00833275471	49.4974746830583	48.7647413609464	
163.517583152394	161.027947884831	158.600126103355	156.236999459155	153.941547348336	147.492372684149	137.233377864133	134.082064423248	129.247823966208	127.47548783982	127.035428129321	127.035428129321	127.47548783982	127.882758806651	126.479247309588	123.91125856838	124.458828533777	120.507261192013	120.070812439993	115.974135047432	111.543713404208	111.220501707194	107	103.043680058507	104.737767782209	100.284595028349	97.7445650662992	96.1353212924365	91.706052144883	85.146931829632	75.690157880665	74.6257328272225	
163.517583152394	161.027947884831	158.600126103355	156.236999459155	156.236999459155	153.941547348336	145.499140890934	140.035709731482	135.417871789509	130.728726758888	129.065874653217	127.882758806651	127.47548783982	127.09838708654	127.192767089957	123.036579926459	123	123	119.037809119624	115.039123779695	115.212846505934	111.543713404208	112.614386292338	109.444049632678	108.784190027779	105.004761796787	107.935165724615	105.990565617889	108.452754690695	104.201727432898	97.6217188949262	96.260064408871	
166.066251839439	163.517583152394	161.027947884831	158.600126103355	156.236999459155	156.236999459155	153.941547348336	149.566038925954	143.589693223434	138.397976863826	135.417871789509	132.853302555864	130.728726758888	130.728726758888	130.728726758888	125.928551170892	125.131930377502	125.131930377502	122.024587686253	122.024587686253	119.104995697074	120.208152801713	119.037809119624	116.867446279963	118.701305805791	118.701305805791	119.540788018149	121.827747249959	123.555655475579	123.166553901617	117.515956363381	109.808924956034	
166.066251839439	163.517583152394	161.027947884831	161.027947884831	158.600126103355	156.236999459155	156.236999459155	153.941547348336	151.716841517348	147.492372684149	143.589693223434	140.459958707099	138.397976863826	136.857590216984	136.857590216984	136.857590216984	131.673839467071	131.673839467071	127.945300812496	129.468142799686	125.80143083447	127.47548783982	129.653384066904	129.653384066904	130.667517004036	129.807549857472	132.280006047777	131.795295818933	128.817700647077	128.817700647077	125.896783120142	120.507261192013	
168.67127793433	166.066251839439	163.517583152394	161.027947884831	161.027947884831	158.600126103355	156.236999459155	156.236999459155	153.941547348336	153.941547348336	151.716841517348	149.566038925954	147.492372684149	145.499140890934	145.499140890934	145.499140890934	140.064270961584	140.545366341264	138.311243216161	138.571281295945	135.151766544134	137.29530217746	141.823834386185	138.600144300069	137.905764926634	137.905764926634	136.780846612382	134.46932735758	134.46932735758	131.552270980018	131.552270980018	128.817700647077	
168.67127793433	166.066251839439	166.066251839439	163.517583152394	161.027947884831	161.027947884831	158.600126103355	158.600126103355	156.236999459155	156.236999459155	156.236999459155	153.941547348336	153.941547348336	153.941547348336	153.941547348336	153.941547348336	148.384635323203	150.658554353877	150.658554353877	147.410990092327	147.410990092327	144.201248260894	146.649241389105	143.533968105114	143.533968105114	140.463518395347	138.77319625922	140.121375956704	137.207871494313	137.207871494313	134.350288425444	134.46932735758	
171.330090760497	168.67127793433	166.066251839439	166.066251839439	163.517583152394	161.644672043343	161.027947884831	161.027947884831	158.600126103355	158.600126103355	158.600126103355	156.236999459155	156.236999459155	156.236999459155	156.236999459155	156.236999459155	153.003267938956	153.003267938956	153.003267938956	149.806541913229	149.806541913229	146.649241389105	149.164338901763	146.102703602637	146.102703602637	143.087385887086	143.087385887086	140.801278403287	142.863571283935	140.007142674936	140.007142674936	137.207871494313	
171.330090760497	171.330090760497	168.67127793433	166.066251839439	166.066251839439	163.517583152394	163.517583152394	161.027947884831	161.027947884831	161.027947884831	158.600126103355	158.600126103355	158.600126103355	158.600126103355	158.600126103355	158.600126103355	158.600126103355	155.415571935376	155.415571935376	153.05227865014	152.269497930479	152.269497930479	151.74320413119	151.74320413119	148.734663074886	148.734663074886	145.773797371133	145.773797371133	145.663996924429	145.663996924429	142.863571283935	140.801278403287	
174.040225235432	171.330090760497	168.67127793433	168.67127793433	166.066251839439	166.066251839439	163.517583152394	163.517583152394	163.517583152394	161.027947884831	161.027947884831	161.027947884831	161.027947884831	161.027947884831	161.027947884831	161.027947884831	161.027947884831	157.892368403289	157.892368403289	157.892368403289	154.796640790425	154.796640790425	151.74320413119	154.382641511279	151.426549851735	151.426549851735	148.519359007504	148.519359007504	145.663996924429	148.519359007504	145.773797371133	145.773797371133	
174.040225235432	171.330090760497	171.330090760497	171.330090760497	168.67127793433	166.066251839439	166.066251839439	166.066251839439	163.517583152394	163.517583152394	163.517583152394	163.517583152394	163.517583152394	163.517583152394	163.517583152394	163.517583152394	163.517583152394	160.430670384437	160.430670384437	160.430670384437	157.384878562078	157.384878562078	157.384878562078	154.382641511279	152.161098839355	154.175224987674	154.175224987674	151.320851173921	151.320851173921	148.519359007504	148.519359007504	148.734663074886	
174.040225235432	174.040225235432	171.330090760497	171.330090760497	171.330090760497	168.67127793433	168.67127793433	166.066251839439	166.066251839439	166.066251839439	166.066251839439	166.066251839439	166.066251839439	164.149322264821	163.517583152394	166.066251839439	163.517583152394	163.027605024425	163.027605024425	163.027605024425	160.031246948838	160.031246948838	160.031246948838	157.079597656729	157.079597656729	154.175224987674	156.977705423414	154.175224987674	154.175224987674	151.426549851735	151.426549851735	152.2268044728	
176.799321265665	174.040225235432	174.040225235432	174.040225235432	171.330090760497	171.330090760497	171.330090760497	168.67127793433	168.67127793433	168.67127793433	166.066251839439	166.066251839439	166.066251839439	166.066251839439	166.066251839439	166.066251839439	166.066251839439	163.027605024425	163.027605024425	163.027605024425	162.732910009008	162.732910009008	162.732910009008	159.831160916762	159.831160916762	156.977705423414	156.977705423414	159.831160916762	157.079597656729	157.079597656729	154.382641511279	154.382641511279	
176.799321265665	174.725498997714	174.040225235432	174.040225235432	174.040225235432	171.330090760497	171.330090760497	171.330090760497	171.330090760497	171.330090760497	168.67127793433	168.67127793433	168.67127793433	168.67127793433	168.67127793433	168.67127793433	168.67127793433	165.680415257809	165.680415257809	167.705098312484	165.487159622733	165.487159622733	165.487159622733	162.634559672906	162.634559672906	159.831160916762	159.831160916762	159.831160916762	157.079597656729	160.031246948838	157.384878562078	157.384878562078	
176.799321265665	176.799321265665	176.105082266242	174.040225235432	174.040225235432	174.040225235432	174.040225235432	173.35801106381	171.330090760497	171.330090760497	171.330090760497	171.330090760497	171.330090760497	171.330090760497	171.330090760497	171.330090760497	170.590152119048	168.386460263288	168.386460263288	168.386460263288	165.487159622733	165.487159622733	165.487159622733	162.634559672906	165.487159622733	164.793810563382	162.732910009008	162.732910009008	160.031246948838	160.031246948838	160.031246948838	157.384878562078	
176.799321265665	176.799321265665	176.799321265665	176.799321265665	174.040225235432	174.040225235432	174.040225235432	174.040225235432	174.040225235432	174.040225235432	174.040225235432	174.040225235432	174.040225235432	174.040225235432	174.040225235432	174.040225235432	171.143214881572	171.143214881572	171.143214881572	169.711519938984	168.291413922398	168.291413922398	168.291413922398	165.487159622733	165.487159622733	163.416645419003	162.732910009008	162.732910009008	162.732910009008	160.031246948838	160.031246948838	157.384878562078	
176.799321265665	176.799321265665	176.799321265665	176.799321265665	176.799321265665	176.799321265665	174.040225235432	174.040225235432	174.040225235432	174.040225235432	174.040225235432	174.040225235432	174.040225235432	174.040225235432	174.040225235432	171.143214881572	171.143214881572	171.143214881572	171.143214881572	168.291413922398	168.291413922398	168.291413922398	168.291413922398	165.487159622733	165.487159622733	162.732910009008	162.732910009008	165.680415257809	165.680415257809	163.027605024425	163.027605024425	160.430670384437	
176.799321265665	176.799321265665	176.799321265665	176.799321265665	176.799321265665	176.799321265665	176.799321265665	176.799321265665	176.799321265665	176.799321265665	174.040225235432	174.040225235432	174.040225235432	174.040225235432	174.040225235432	171.143214881572	171.143214881572	171.143214881572	173.948268171891	171.143214881572	171.143214881572	171.143214881572	170.449405983125	168.386460263288	168.386460263288	165.680415257809	165.680415257809	165.680415257809	163.027605024425	163.027605024425	163.027605024425	160.430670384437	
176.799321265665	176.799321265665	176.799321265665	176.799321265665	176.799321265665	176.799321265665	176.799321265665	176.799321265665	176.799321265665	176.799321265665	176.799321265665	176.799321265665	176.799321265665	176.799321265665	173.948268171891	173.948268171891	173.948268171891	173.948268171891	171.143214881572	171.143214881572	171.143214881572	168.386460263288	168.386460263288	168.386460263288	165.680415257809	165.680415257809	165.680415257809	165.680415257809	163.027605024425	163.027605024425	163.027605024425	160.430670384437	
176.799321265665	176.799321265665	176.799321265665	176.799321265665	176.799321265665	176.799321265665	176.799321265665	176.799321265665	176.799321265665	176.799321265665	176.799321265665	176.799321265665	176.799321265665	173.948268171891	173.948268171891	173.948268171891	173.948268171891	171.143214881572	171.143214881572	171.143214881572	168.386460263288	168.386460263288	168.386460263288	168.386460263288	165.680415257809	165.680415257809	165.680415257809	163.027605024425	163.027605024425	163.027605024425	163.027605024425	160.430670384437	
176.799321265665	176.799321265665	176.799321265665	176.799321265665	176.799321265665	176.799321265665	176.799321265665	176.799321265665	176.799321265665	176.799321265665	176.799321265665	176.799321265665	173.948268171891	173.948268171891	173.948268171891	173.948268171891	171.143214881572	171.143214881572	171.143214881572	171.143214881572	168.386460263288	168.386460263288	168.386460263288	165.680415257809	165.680415257809	165.680415257809	165.680415257809	163.027605024425	163.027605024425	163.027605024425	160.430670384437	160.430670384437	
