Channel : 26
128.413394939936	146.184814532837	149.806541913229	149.164338901763	151.426549851735	151.320851173921	148.734663074886	149.164338901763	147.410990092327	132.823190746195	123.490890352285	126.846363763413	140.545366341264	150.658554353877	153.003267938956	157.892368403289	157.892368403289	160.430670384437	163.027605024425	165.680415257809	165.680415257809	168.386460263288	171.143214881572	171.143214881572	173.948268171891	173.948268171891	173.948268171891	173.948268171891	171.840041899436	171.143214881572	171.143214881572	171.143214881572	
127.192767089957	134.736780427617	147.410990092327	149.164338901763	148.734663074886	151.320851173921	149.402141885583	149.164338901763	145	134.647688431699	119.94165248153	125.514939349864	140.064270961584	150.658554353877	153.003267938956	157.892368403289	157.892368403289	160.430670384437	163.027605024425	165.680415257809	165.680415257809	168.386460263288	169.758652209541	171.143214881572	173.948268171891	173.948268171891	172.539850469392	171.143214881572	171.143214881572	171.143214881572	171.143214881572	171.143214881572	
131.734581640509	125.131930377502	145.086181285469	147.434731322033	148.734663074886	148.519359007504	148.519359007504	146.102703602637	144.201248260894	136.565002837477	120.507261192013	120.507261192013	134.647688431699	148.384635323203	153.003267938956	157.26728839781	157.892368403289	160.430670384437	163.027605024425	165.680415257809	165.680415257809	168.386460263288	168.386460263288	171.143214881572	173.242604459758	171.143214881572	171.143214881572	171.143214881572	171.143214881572	171.143214881572	171.143214881572	171.143214881572	
139.086304142428	123.065023463208	136.565002837477	147.410990092327	146.102703602637	145.773797371133	148.519359007504	146.102703602637	146.649241389105	135.151766544134	121.396046064112	119.94165248153	132.823190746195	145.086181285469	149.806541913229	153.05227865014	157.892368403289	160.430670384437	163.027605024425	165.680415257809	165.680415257809	166.207701385947	165.487159622733	168.291413922398	171.143214881572	171.143214881572	171.143214881572	171.143214881572	171.143214881572	171.143214881572	171.143214881572	171.143214881572	
148.384635323203	129.034879005639	129.034879005639	142.835569799683	143.533968105114	146.102703602637	145.663996924429	145.773797371133	143.533968105114	137.29530217746	119.100797646363	119.507321951419	131.095385120911	145.086181285469	149.806541913229	152.269497930479	154.796640790425	157.384878562078	160.031246948838	162.732910009008	162.732910009008	165.487159622733	166.183633369836	168.291413922398	171.143214881572	171.143214881572	171.143214881572	171.143214881572	171.143214881572	171.143214881572	171.143214881572	171.143214881572	
151.238222681966	140.064270961584	123.199025970176	132.823190746195	144.201248260894	143.533968105114	142.863571283935	142.863571283935	140.463518395347	135.092560861063	119.104995697074	116.520384482716	130.268952555857	145.086181285469	149.806541913229	152.269497930479	154.796640790425	157.384878562078	160.031246948838	162.732910009008	162.732910009008	165.487159622733	165.487159622733	168.291413922398	171.143214881572	171.143214881572	171.143214881572	171.143214881572	171.143214881572	171.143214881572	171.143214881572	168.386460263288	
154.201167310757	150.083310198036	125.717938258627	121.202310209006	137.29530217746	141.031911282518	140.121375956704	140.007142674936	137.440896388229	133.003759345366	115.520560940466	115.212846505934	125.80143083447	141.823834386185	149.806541913229	152.269497930479	154.796640790425	157.384878562078	160.031246948838	162.732910009008	162.732910009008	165.487159622733	168.291413922398	168.291413922398	171.143214881572	171.143214881572	171.143214881572	171.143214881572	171.143214881572	168.386460263288	168.386460263288	168.386460263288	
155.415571935376	153.003267938956	132.823190746195	119.205704561485	124.233650835834	138.600144300069	137.440896388229	137.207871494313	137.440896388229	133.003759345366	116.387284528852	111.220501707194	124.233650835834	141.823834386185	146.649241389105	149.164338901763	151.74320413119	157.384878562078	160.031246948838	162.732910009008	162.732910009008	165.487159622733	168.291413922398	168.291413922398	171.143214881572	171.143214881572	168.386460263288	168.386460263288	168.386460263288	168.386460263288	168.386460263288	168.386460263288	
157.892368403289	152.269497930479	145.086181285469	126.530628703093	115.212846505934	125.706006220864	132.909743811355	134.46932735758	133.7348122218	129.807549857472	112.57886124846	111.220501707194	122.155638429014	138.600144300069	146.649241389105	149.164338901763	151.74320413119	154.382641511279	157.079597656729	159.831160916762	160.527256252638	162.634559672906	165.487159622733	165.487159622733	168.386460263288	168.386460263288	168.386460263288	168.386460263288	168.386460263288	168.386460263288	168.386460263288	168.386460263288	
160.430670384437	154.796640790425	149.806541913229	137.29530217746	117.277448812634	113.357840487546	125.099960031968	131.795295818933	128.693434175952	126.65701717631	108.784190027779	107.228727494082	118.532695911297	138.600144300069	143.533968105114	146.102703602637	149.482440440341	154.382641511279	157.079597656729	159.831160916762	162.634559672906	162.634559672906	165.487159622733	165.487159622733	168.386460263288	168.386460263288	168.386460263288	168.386460263288	168.386460263288	165.680415257809	165.680415257809	165.680415257809	
160.031246948838	157.384878562078	152.269497930479	144.201248260894	127.632284317096	111.543713404208	108.784190027779	124.201449266907	125.896783120142	123.555655475579	103.740059764779	103.310212467113	114.934764105557	135.417871789509	140.463518395347	143.836712976903	148.734663074886	151.426549851735	154.175224987674	156.977705423414	159.831160916762	159.831160916762	162.732910009008	162.732910009008	165.680415257809	165.680415257809	165.680415257809	165.680415257809	165.680415257809	165.680415257809	165.680415257809	165.680415257809	
162.732910009008	160.031246948838	154.796640790425	147.898613921835	138.600144300069	119.436175424366	103.043680058507	106.404887105809	120.507261192013	114.86513831446	99.929975482835	99.6092365195116	111.364267159624	132.280006047777	137.440896388229	145.773797371133	148.519359007504	151.320851173921	153.456834321577	156.977705423414	159.831160916762	161.276160668587	162.732910009008	165.680415257809	165.680415257809	165.680415257809	165.680415257809	165.680415257809	165.680415257809	163.027605024425	163.027605024425	163.027605024425	
165.487159622733	160.552172205797	154.382641511279	150.233152133609	143.533968105114	135.417871789509	113.216606555752	99.247166206396	99.0050503762308	103.276328362312	91.0933587041339	92.2279784013506	109.772492000501	131.795295818933	137.207871494313	142.863571283935	145.663996924429	148.519359007504	154.175224987674	154.175224987674	157.079597656729	158.549676757791	160.031246948838	163.027605024425	163.027605024425	163.027605024425	163.027605024425	163.027605024425	163.027605024425	163.027605024425	163.027605024425	163.027605024425	
162.634559672906	159.831160916762	157.079597656729	151.426549851735	146.102703602637	140.463518395347	129.189782877749	105.990565617889	91	77.5241897732572	77.3692445355388	89.0505474435727	110.679718105893	125.896783120142	134.350288425444	140.007142674936	142.863571283935	145.773797371133	151.426549851735	154.382641511279	154.382641511279	157.384878562078	157.384878562078	160.430670384437	160.430670384437	160.430670384437	160.430670384437	160.430670384437	160.430670384437	160.430670384437	160.430670384437	160.430670384437	
165.487159622733	162.634559672906	156.977705423414	154.175224987674	148.519359007504	140.121375956704	134.46932735758	126.150703525585	98.4123975929862	59.4138031100518	32.8937684067971	67.6239602507869	106.667708328247	123.036579926459	131.552270980018	134.46932735758	140.121375956704	143.087385887086	148.734663074886	151.74320413119	151.74320413119	154.796640790425	157.892368403289	157.892368403289	160.430670384437	160.430670384437	160.430670384437	160.430670384437	160.430670384437	160.430670384437	157.892368403289	157.892368403289	
162.732910009008	162.732910009008	159.831160916762	155.569919971696	151.320851173921	145.663996924429	137.207871494313	128.693434175952	117.379725676967	72.1248916810278	11.4017542509914	39.8246155034798	88.5098864534352	117.923704148063	126.150703525585	132.548104475319	138.408814748194	141.992957571846	143.533968105114	149.164338901763	152.269497930479	152.269497930479	155.415571935376	157.892368403289	157.892368403289	157.892368403289	157.892368403289	157.892368403289	157.892368403289	157.892368403289	157.892368403289	157.892368403289	
165.680415257809	162.732910009008	159.831160916762	157.079597656729	151.426549851735	145.773797371133	137.207871494313	131.552270980018	120.507261192013	91.706052144883	51.0881590977792	50.6951674225463	83.2946576918352	98.2344135219425	117.345643293648	129.807549857472	135.417871789509	141.031911282518	144.201248260894	146.649241389105	149.806541913229	153.003267938956	154.806330619907	155.415571935376	155.415571935376	155.415571935376	155.415571935376	155.415571935376	155.415571935376	155.415571935376	155.415571935376	155.415571935376	
165.680415257809	163.027605024425	160.031246948838	154.382641511279	151.74320413119	148.734663074886	143.087385887086	134.825813552153	116.249731182485	94.9210198006743	88.283633817373	86.6833317310773	93.7763296360014	95.2575456328789	100.129915609672	110.136279218067	120.307938225206	131.764942226679	139.520607796841	141.823834386185	147.410990092327	150.658554353877	150.658554353877	150.658554353877	153.003267938956	153.003267938956	153.003267938956	153.003267938956	153.003267938956	153.003267938956	153.003267938956	153.003267938956	
166.066251839439	163.027605024425	160.430670384437	157.384878562078	151.74320413119	149.164338901763	143.533968105114	135.417871789509	114.934764105557	99.6092365195116	99.929975482835	114.808536267997	120.241423810599	111.830228471554	107.563934476199	107.563934476199	111.220501707194	117.277448812634	122.776219195738	132.823190746195	142.021125189177	144.585614775468	146.184814532837	148.384635323203	148.384635323203	148.384635323203	150.658554353877	150.658554353877	150.658554353877	150.658554353877	150.658554353877	150.658554353877	
163.517583152394	163.517583152394	160.430670384437	157.892368403289	152.269497930479	149.806541913229	144.201248260894	133.962681370597	112.57886124846	103.043680058507	108.747413762351	123.555655475579	128.693434175952	128.817700647077	129.807549857472	122.188379152847	117.652029306765	116.558997936667	119	119.507321951419	125.928551170892	129.034879005639	133.154046127033	136.41847382228	138.195513675372	140.545366341264	144.062486442516	146.184814532837	146.184814532837	144.585614775468	146.184814532837	146.184814532837	
163.517583152394	161.027947884831	161.027947884831	155.415571935376	153.003267938956	149.806541913229	145.086181285469	127.47548783982	115.974135047432	113.357840487546	124.169239346949	134.825813552153	134.46932735758	137.207871494313	137.440896388229	137.905764926634	138.600144300069	135.151766544134	129.468142799686	127.882758806651	124.458828533777	123.199025970176	123.036579926459	123.490890352285	124.036285013701	125.319591445233	127.882758806651	129.034879005639	130.299654642674	129.034879005639	130.299654642674	132.034086507992	
161.027947884831	161.027947884831	158.600126103355	158.600126103355	153.003267938956	148.384635323203	137.437258412703	124.040316026685	119.037809119624	122.776219195738	136.242430982422	140.463518395347	140.121375956704	140.007142674936	145.096519599886	146.102703602637	143.533968105114	144.806767797641	145.086181285469	146.184814532837	140.064270961584	134.736780427617	129.034879005639	127.094453065427	125.131930377502	124.458828533777	123.259888041487	123.036579926459	123	123	123	123.199025970176	
158.600126103355	158.600126103355	156.236999459155	156.236999459155	151.716841517348	145.499140890934	129.653384066904	123.490890352285	122.024587686253	134.647688431699	144.201248260894	143.533968105114	146.509385364897	148.519359007504	148.519359007504	148.734663074886	151.74320413119	149.164338901763	149.806541913229	153.003267938956	150.658554353877	150.658554353877	148.384635323203	146.184814532837	142.021125189177	138.195513675372	134.736780427617	133.154046127033	130.299654642674	130.299654642674	131.673839467071	127.882758806651	
156.236999459155	156.236999459155	153.941547348336	151.716841517348	145.499140890934	136.124942607885	127.882758806651	127.47548783982	133.154046127033	142.835569799683	149.806541913229	149.164338901763	151.74320413119	151.426549851735	151.320851173921	154.175224987674	154.382641511279	154.796640790425	157.114607850448	155.415571935376	155.415571935376	153.003267938956	153.003267938956	153.003267938956	150.658554353877	150.658554353877	148.384635323203	148.384635323203	146.184814532837	146.184814532837	146.184814532837	144.062486442516	
153.941547348336	151.716841517348	149.566038925954	143.589693223434	132.853302555864	127.882758806651	127.882758806651	134.082064423248	146.184814532837	150.658554353877	155.415571935376	154.796640790425	157.384878562078	157.079597656729	159.831160916762	159.831160916762	159.831160916762	160.031246948838	160.430670384437	160.430670384437	157.892368403289	157.892368403289	155.415571935376	155.415571935376	155.415571935376	155.415571935376	153.003267938956	153.003267938956	153.003267938956	153.003267938956	153.003267938956	150.658554353877	
149.566038925954	145.499140890934	138.798414976541	132.280006047777	127.192767089957	127.47548783982	134.082064423248	145.499140890934	153.941547348336	156.236999459155	155.415571935376	157.892368403289	157.384878562078	160.031246948838	159.831160916762	162.634559672906	165.487159622733	162.732910009008	163.027605024425	163.027605024425	160.430670384437	160.430670384437	160.430670384437	157.892368403289	157.892368403289	157.892368403289	155.415571935376	155.415571935376	155.415571935376	155.415571935376	155.415571935376	153.600130208278	
137.615406114286	132.853302555864	129.247823966208	127.035428129321	129.065874653217	134.406101051998	146.986393928146	152.820155738698	156.236999459155	158.600126103355	161.027947884831	160.430670384437	163.027605024425	165.680415257809	165.487159622733	165.487159622733	165.487159622733	168.386460263288	165.680415257809	165.680415257809	165.680415257809	163.027605024425	163.027605024425	163.027605024425	160.430670384437	160.430670384437	160.430670384437	157.892368403289	157.892368403289	157.892368403289	157.892368403289	157.892368403289	
128.413394939936	127.06297651165	127.192767089957	129.838361049422	138.397976863826	147.492372684149	153.37861650178	156.236999459155	158.600126103355	161.027947884831	163.517583152394	166.066251839439	165.680415257809	165.680415257809	168.386460263288	168.291413922398	168.291413922398	171.143214881572	168.386460263288	168.386460263288	165.680415257809	165.680415257809	165.680415257809	165.680415257809	163.027605024425	163.027605024425	163.027605024425	160.430670384437	160.430670384437	160.430670384437	160.430670384437	160.430670384437	
127.882758806651	131.217376898031	134.406101051998	141.767415155952	151.716841517348	153.941547348336	156.236999459155	158.600126103355	161.027947884831	163.517583152394	166.066251839439	166.066251839439	168.67127793433	171.330090760497	168.386460263288	171.143214881572	173.948268171891	171.143214881572	171.143214881572	171.143214881572	168.386460263288	168.386460263288	168.386460263288	168.386460263288	165.680415257809	165.680415257809	165.680415257809	165.01212076693	163.027605024425	163.027605024425	163.027605024425	163.027605024425	
136.857590216984	143.589693223434	147.492372684149	151.716841517348	153.941547348336	156.236999459155	158.600126103355	161.027947884831	163.517583152394	163.517583152394	166.066251839439	168.67127793433	171.330090760497	171.330090760497	174.040225235432	173.948268171891	173.948268171891	173.948268171891	171.143214881572	171.143214881572	171.143214881572	171.143214881572	168.386460263288	168.386460263288	168.386460263288	168.386460263288	165.680415257809	165.680415257809	165.680415257809	165.680415257809	165.680415257809	163.027605024425	
150.096635538576	152.820155738698	153.941547348336	156.236999459155	158.600126103355	158.600126103355	161.027947884831	163.517583152394	163.517583152394	166.066251839439	168.67127793433	171.330090760497	171.330090760497	174.040225235432	174.040225235432	176.799321265665	175.368184115592	173.948268171891	173.948268171891	173.948268171891	171.143214881572	171.143214881572	171.143214881572	171.143214881572	171.143214881572	168.386460263288	168.386460263288	168.386460263288	168.386460263288	168.386460263288	168.386460263288	165.680415257809	
153.941547348336	156.236999459155	156.236999459155	158.600126103355	161.027947884831	161.027947884831	163.517583152394	163.517583152394	166.066251839439	168.67127793433	171.330090760497	171.330090760497	174.040225235432	174.040225235432	176.799321265665	176.799321265665	176.799321265665	176.799321265665	173.948268171891	173.948268171891	173.948268171891	173.948268171891	171.143214881572	171.143214881572	171.143214881572	171.143214881572	171.143214881572	169.070991006737	168.386460263288	168.386460263288	168.386460263288	168.386460263288	
Channel : 23
146.986393928146	127.192767089957	136.41847382228	150.658554353877	152.269497930479	154.382641511279	154.175224987674	156.977705423414	154.382641511279	154.796640790425	152.269497930479	153.003267938956	148.384635323203	134.736780427617	124.779806058513	123.490890352285	128.73616430514	139.118654392572	148.384635323203	151.238222681966	153.600130208278	155.415571935376	157.892368403289	160.430670384437	160.430670384437	163.027605024425	163.027605024425	165.680415257809	165.680415257809	168.386460263288	168.386460263288	168.386460263288	
149.512541279988	131.217376898031	127.882758806651	148.384635323203	149.806541913229	151.74320413119	154.175224987674	156.977705423414	154.382641511279	154.796640790425	152.269497930479	149.806541913229	148.384635323203	134.736780427617	124.779806058513	123.490890352285	129.034879005639	140.064270961584	148.384635323203	151.82226450689	154.201167310757	155.415571935376	157.892368403289	160.430670384437	160.430670384437	163.027605024425	163.027605024425	165.680415257809	165.680415257809	168.386460263288	168.386460263288	168.386460263288	
153.003267938956	138.195513675372	123.199025970176	140.064270961584	147.410990092327	149.164338901763	151.426549851735	154.175224987674	151.426549851735	151.74320413119	152.269497930479	149.806541913229	147.827602294024	134.331679063429	124.615408357073	123.685083983478	129.340635532689	140.545366341264	148.384635323203	153.003267938956	155.415571935376	155.415571935376	157.892368403289	160.430670384437	160.430670384437	163.027605024425	163.027605024425	165.680415257809	165.680415257809	168.386460263288	168.386460263288	168.386460263288	
155.415571935376	148.384635323203	124.951990780459	129.034879005639	145.086181285469	146.649241389105	148.734663074886	151.426549851735	151.426549851735	151.74320413119	149.164338901763	149.806541913229	142.835569799683	133.154046127033	124.458828533777	123.91125856838	130.299654642674	141.523849580203	149.512541279988	153.003267938956	155.415571935376	156.02884348735	157.892368403289	160.430670384437	160.430670384437	163.027605024425	165.01212076693	165.680415257809	165.680415257809	168.386460263288	168.386460263288	168.386460263288	
155.415571935376	153.003267938956	134.736780427617	123.036579926459	139.086304142428	144.201248260894	146.102703602637	151.426549851735	148.519359007504	148.734663074886	149.164338901763	148.00337833982	142.835569799683	128.693434175952	123.91125856838	124.310096130604	130.973279717658	143.031465069753	150.658554353877	153.003267938956	155.415571935376	157.892368403289	157.892368403289	160.430670384437	161.074516916861	163.027605024425	165.680415257809	165.680415257809	168.386460263288	168.386460263288	168.386460263288	170.449405983125	
157.892368403289	153.600130208278	142.835569799683	121.807224744676	126.873953197652	141.823834386185	143.533968105114	145.773797371133	145.663996924429	145.773797371133	146.102703602637	144.201248260894	140.662717164144	126.873953197652	123.490890352285	124.779806058513	132.034086507992	144.062486442516	150.658554353877	153.003267938956	155.415571935376	157.892368403289	157.892368403289	160.430670384437	163.027605024425	163.027605024425	165.680415257809	165.680415257809	168.386460263288	168.386460263288	168.386460263288	171.143214881572	
157.384878562078	152.269497930479	147.410990092327	132.823190746195	119.507321951419	132.593363333162	141.031911282518	143.087385887086	142.863571283935	145.773797371133	144.170038496215	144.201248260894	135.151766544134	125.227792442413	119.06720791217	122.024587686253	130.678996016958	144.50605523645	150.658554353877	153.003267938956	155.415571935376	157.892368403289	160.430670384437	160.430670384437	163.027605024425	165.680415257809	165.680415257809	165.680415257809	168.386460263288	168.386460263288	168.386460263288	171.143214881572	
160.031246948838	154.796640790425	149.806541913229	145.086181285469	120.668968670491	119.6411300515	138.003623140844	140.463518395347	142.863571283935	142.863571283935	140.463518395347	141.031911282518	133.093951778434	119.6411300515	119	123.227432010896	132.823190746195	145.086181285469	147.410990092327	151.400132100339	155.415571935376	157.892368403289	160.430670384437	160.430670384437	163.027605024425	165.680415257809	165.680415257809	167.026943934205	168.386460263288	168.386460263288	171.143214881572	171.143214881572	
162.732910009008	157.384878562078	152.269497930479	146.649241389105	129.251692445399	115.212846505934	122.155638429014	135.417871789509	134.46932735758	137.207871494313	137.440896388229	135.417871789509	125.706006220864	117.902502093891	115.433963806152	125.865007051205	136.565002837477	145.086181285469	149.806541913229	152.269497930479	154.796640790425	154.796640790425	157.384878562078	163.027605024425	163.027605024425	165.680415257809	165.680415257809	168.386460263288	168.386460263288	168.386460263288	171.143214881572	171.143214881572	
159.831160916762	157.079597656729	151.74320413119	149.164338901763	138.600144300069	117.652029306765	112.449988883948	124.555208642594	131.795295818933	134.350288425444	134.46932735758	131.654851790582	118.532695911297	112.147224664724	116.558997936667	125.003999936002	137.29530217746	145	149.806541913229	152.269497930479	154.796640790425	157.384878562078	157.384878562078	160.031246948838	160.031246948838	162.732910009008	163.416645419003	165.487159622733	165.487159622733	168.291413922398	168.291413922398	168.291413922398	
162.634559672906	159.831160916762	154.382641511279	148.734663074886	143.533968105114	133.962681370597	108.673823895177	107.563934476199	126.65701717631	128.817700647077	128.817700647077	124.201449266907	110.136279218067	107.168092266308	114.725759966975	125.706006220864	141.823834386185	144.201248260894	146.649241389105	149.936653290648	154.796640790425	157.384878562078	160.031246948838	160.031246948838	162.732910009008	162.732910009008	165.487159622733	165.487159622733	165.487159622733	168.291413922398	168.291413922398	171.143214881572	
162.732910009008	159.831160916762	154.175224987674	151.426549851735	146.102703602637	137.905764926634	122.188379152847	103.237590053236	111.364267159624	123.166553901617	123.166553901617	113.991227732664	103.580886267689	105.04284840007	114.232219623012	131.764942226679	138.600144300069	143.533968105114	149.164338901763	151.74320413119	152.397506541282	154.382641511279	160.031246948838	160.031246948838	162.732910009008	165.487159622733	165.487159622733	165.487159622733	168.291413922398	168.291413922398	171.143214881572	171.143214881572	
162.732910009008	159.831160916762	156.977705423414	151.320851173921	145.773797371133	140.121375956704	134.825813552153	112.769676775275	95.0473566176356	104.316825105062	114.58621208505	102.883429180797	95.6347217280419	100.806745806022	116.764720699362	134.629120178363	137.905764926634	140.463518395347	146.102703602637	148.734663074886	154.382641511279	157.079597656729	157.079597656729	159.831160916762	159.831160916762	162.634559672906	162.634559672906	165.487159622733	165.487159622733	168.386460263288	169.070991006737	169.758652209541	
163.027605024425	160.031246948838	157.079597656729	154.175224987674	145.663996924429	142.863571283935	134.46932735758	126.150703525585	97.4987179402888	87.692645073575	89.2748564826626	88.6002257333467	91	101.242283656583	121.247680390183	133.304163475864	137.440896388229	143.087385887086	145.773797371133	149.96666296214	151.426549851735	154.175224987674	156.977705423414	159.831160916762	162.634559672906	162.634559672906	165.487159622733	165.487159622733	166.207701385947	168.386460263288	168.386460263288	168.386460263288	
160.430670384437	160.430670384437	157.384878562078	154.382641511279	146.454771175268	142.863571283935	137.207871494313	131.552270980018	114.86513831446	84.8645980371085	49.335585534176	56.0892146495206	85.146931829632	104.316825105062	126.150703525585	131.552270980018	137.207871494313	140.007142674936	142.863571283935	147.085009433321	151.320851173921	154.175224987674	156.977705423414	159.831160916762	159.831160916762	162.732910009008	162.732910009008	162.732910009008	165.680415257809	166.352036356637	168.386460263288	168.386460263288	
163.517583152394	159.790487827029	154.796640790425	154.796640790425	148.734663074886	143.087385887086	140.121375956704	131.552270980018	123.166553901617	95.4253635046784	38.1837661840736	14.3178210632764	67.4240313241503	109.224539367305	123.036579926459	128.693434175952	134.350288425444	137.207871494313	142.863571283935	147.827602294024	148.519359007504	151.426549851735	157.079597656729	157.079597656729	157.079597656729	160.031246948838	162.732910009008	165.680415257809	165.680415257809	165.680415257809	165.680415257809	165.680415257809	
161.027947884831	157.892368403289	157.892368403289	153.525242224202	149.164338901763	145.454460227248	140.463518395347	134.825813552153	116.249731182485	99.0050503762308	63.3876959669619	32.5269119345812	60.8769250208977	97.4166310236604	120.507261192013	128.817700647077	131.795295818933	137.440896388229	142.34113952052	145.773797371133	148.734663074886	152.397506541282	154.382641511279	154.382641511279	157.384878562078	163.027605024425	163.027605024425	163.027605024425	163.027605024425	163.027605024425	163.027605024425	163.027605024425	
158.600126103355	158.600126103355	155.415571935376	155.415571935376	149.806541913229	146.649241389105	138.600144300069	130.667517004036	108.747413762351	96.1769203083567	88.283633817373	81.8413098624405	83.4865258589672	91.2688336728371	104.27847332983	119.540788018149	132.280006047777	134.825813552153	140.463518395347	143.533968105114	149.164338901763	149.164338901763	154.796640790425	154.796640790425	155.56670594957	160.430670384437	160.430670384437	160.430670384437	160.430670384437	160.430670384437	160.430670384437	162.373027316731	
156.236999459155	156.236999459155	156.236999459155	153.003267938956	147.410990092327	145.086181285469	133.093951778434	120.540449642433	108.046286377645	103.585713300628	104.27847332983	115.42096863222	114.86513831446	102.693719379522	99.0454441153151	105.323311759553	115.693560754262	128.413394939936	138.600144300069	143.405020832605	144.806767797641	149.013422214242	152.269497930479	155.415571935376	155.415571935376	157.892368403289	157.892368403289	157.892368403289	157.892368403289	157.892368403289	158.521291945278	160.430670384437	
153.941547348336	153.941547348336	153.941547348336	151.716841517348	144.062486442516	135.532283976918	125.542821379799	116.558997936667	111.449540151586	113.885907820063	119.540788018149	128.817700647077	128.693434175952	126.150703525585	114.934764105557	109.444049632678	107	114.236596587959	126.210142223199	135.679770046975	145.086181285469	147.410990092327	150.658554353877	153.003267938956	153.003267938956	153.003267938956	155.415571935376	155.415571935376	155.415571935376	155.415571935376	157.892368403289	157.892368403289	
149.566038925954	148.00337833982	145.499140890934	141.767415155952	134.406101051998	126.146739949949	123.199025970176	119.603511654132	122.776219195738	129.653384066904	137.905764926634	134.46932735758	134.350288425444	134.46932735758	134.825813552153	130.096118312577	120.540449642433	116.558997936667	115.212846505934	122.024587686253	132.774244490413	140.064270961584	146.184814532837	148.384635323203	150.658554353877	150.658554353877	150.658554353877	153.003267938956	153.003267938956	153.003267938956	153.003267938956	155.415571935376	
138.397976863826	136.857590216984	134.082064423248	130.728726758888	127.565669362881	127	124.951990780459	126.530628703093	138.571281295945	142.411375950097	143.533968105114	143.087385887086	142.863571283935	140.801278403287	140.463518395347	141.650979523616	138.600144300069	132.098448136229	125.227792442413	123.91125856838	123.199025970176	125.717938258627	130.633073913156	136.41847382228	144.062486442516	146.184814532837	148.384635323203	148.384635323203	150.658554353877	150.658554353877	150.658554353877	150.658554353877	
128.413394939936	127.769323391806	127.192767089957	127.035428129321	128.565158577276	132.280006047777	139.617334167359	144.062486442516	147.410990092327	149.806541913229	149.164338901763	148.734663074886	148.519359007504	148.519359007504	148.734663074886	149.164338901763	146.649241389105	147.410990092327	143.391073641284	138.195513675372	129.034879005639	124.458828533777	123	123.91125856838	126.846363763413	129.034879005639	134.736780427617	139.118654392572	144.062486442516	146.184814532837	147.275252503603	148.384635323203	
127.663620503258	128.413394939936	129.634100452003	132.280006047777	138.397976863826	145.013792447477	151.716841517348	150.658554353877	153.003267938956	152.269497930479	151.74320413119	154.382641511279	154.175224987674	154.175224987674	154.382641511279	151.74320413119	152.269497930479	152.269497930479	153.003267938956	150.658554353877	146.184814532837	138.195513675372	130.299654642674	125.928551170892	123.490890352285	123.016259087976	123.490890352285	125.131930377502	128.160056179763	130.973279717658	134.736780427617	138.195513675372	
138.397976863826	140.890028036054	143.589693223434	147.492372684149	151.716841517348	153.941547348336	156.236999459155	158.600126103355	157.892368403289	157.892368403289	157.384878562078	160.031246948838	159.831160916762	159.831160916762	157.079597656729	160.031246948838	157.384878562078	157.892368403289	155.415571935376	155.415571935376	153.003267938956	150.658554353877	148.384635323203	145.64683312726	138.195513675372	134.736780427617	128.73616430514	125.928551170892	123.685083983478	123.065023463208	123.199025970176	123.794184031399	
151.716841517348	151.716841517348	152.266214243344	153.941547348336	156.236999459155	156.236999459155	158.600126103355	161.027947884831	161.027947884831	160.430670384437	163.027605024425	162.732910009008	164.103625797848	162.634559672906	162.732910009008	165.680415257809	163.027605024425	160.430670384437	157.892368403289	157.892368403289	155.415571935376	153.600130208278	153.003267938956	150.658554353877	150.083310198036	148.384635323203	144.062486442516	139.588681489582	134.331679063429	130.299654642674	127.094453065427	125.319591445233	
154.508899420066	156.236999459155	156.236999459155	156.236999459155	158.600126103355	161.027947884831	161.027947884831	163.517583152394	163.517583152394	166.066251839439	165.680415257809	168.386460263288	165.487159622733	168.291413922398	168.386460263288	165.680415257809	165.680415257809	163.027605024425	160.430670384437	160.430670384437	157.892368403289	157.892368403289	155.415571935376	155.415571935376	153.003267938956	153.003267938956	150.658554353877	150.658554353877	148.384635323203	146.184814532837	143.544418212622	139.118654392572	
158.600126103355	158.600126103355	158.600126103355	159.201130649251	161.027947884831	162.265215003093	163.517583152394	166.066251839439	166.066251839439	168.67127793433	169.118301789014	168.386460263288	171.143214881572	168.291413922398	171.143214881572	168.386460263288	167.705098312484	165.680415257809	163.027605024425	163.027605024425	160.430670384437	160.430670384437	157.892368403289	157.892368403289	155.415571935376	155.415571935376	153.003267938956	153.003267938956	153.003267938956	150.658554353877	150.658554353877	148.384635323203	
161.027947884831	161.027947884831	161.027947884831	162.889533119842	163.517583152394	166.066251839439	166.066251839439	168.67127793433	168.67127793433	171.330090760497	171.330090760497	171.143214881572	173.948268171891	173.948268171891	171.143214881572	171.143214881572	168.386460263288	168.386460263288	165.680415257809	165.680415257809	163.027605024425	162.373027316731	160.430670384437	160.430670384437	157.892368403289	157.892368403289	155.415571935376	155.415571935376	155.415571935376	153.003267938956	153.003267938956	153.003267938956	
163.517583152394	163.517583152394	163.517583152394	163.517583152394	166.066251839439	167.361883354604	168.67127793433	168.67127793433	171.330090760497	171.330090760497	174.040225235432	176.799321265665	173.948268171891	173.948268171891	171.143214881572	171.143214881572	171.143214881572	168.386460263288	168.386460263288	165.680415257809	165.680415257809	163.027605024425	163.027605024425	160.430670384437	160.430670384437	160.430670384437	157.892368403289	157.892368403289	157.892368403289	155.415571935376	155.415571935376	155.415571935376	
166.066251839439	166.066251839439	166.066251839439	166.066251839439	168.67127793433	168.67127793433	171.330090760497	171.330090760497	174.040225235432	174.040225235432	176.799321265665	176.799321265665	176.08236708995	173.948268171891	173.948268171891	171.143214881572	171.143214881572	171.143214881572	168.386460263288	168.386460263288	165.680415257809	165.680415257809	163.027605024425	163.027605024425	163.027605024425	160.430670384437	160.430670384437	160.430670384437	157.892368403289	157.892368403289	157.892368403289	157.892368403289	
167.361883354604	168.67127793433	168.67127793433	168.67127793433	171.330090760497	171.330090760497	171.330090760497	174.040225235432	174.725498997714	176.799321265665	176.799321265665	176.799321265665	176.799321265665	173.948268171891	173.948268171891	173.948268171891	171.143214881572	171.143214881572	171.143214881572	168.386460263288	168.386460263288	165.680415257809	165.680415257809	165.680415257809	163.027605024425	163.027605024425	163.027605024425	160.430670384437	160.430670384437	160.430670384437	160.430670384437	157.892368403289	
Channel : 20
157.892368403289	151.238222681966	138.397976863826	127.318498263214	146.184814532837	153.003267938956	157.892368403289	157.384878562078	162.732910009008	162.634559672906	162.732910009008	162.732910009008	163.027605024425	160.430670384437	157.892368403289	155.415571935376	153.003267938956	153.003267938956	148.384635323203	142.021125189177	130.299654642674	124.615408357073	123.036579926459	125.717938258627	133.154046127033	142.021125189177	148.384635323203	150.658554353877	153.003267938956	153.003267938956	155.415571935376	157.892368403289	
157.892368403289	153.003267938956	146.184814532837	124.903963107661	134.736780427617	150.658554353877	155.415571935376	154.796640790425	160.031246948838	159.831160916762	159.831160916762	162.732910009008	160.031246948838	160.430670384437	157.892368403289	155.415571935376	153.003267938956	150.658554353877	148.384635323203	140.064270961584	129.034879005639	123.91125856838	123.199025970176	126.846363763413	134.736780427617	144.062486442516	148.384635323203	150.658554353877	153.003267938956	155.415571935376	155.415571935376	157.892368403289	
157.384878562078	155.415571935376	150.658554353877	130.299654642674	125.928551170892	146.184814532837	149.806541913229	154.796640790425	154.382641511279	159.831160916762	159.831160916762	160.031246948838	157.384878562078	160.430670384437	157.892368403289	155.415571935376	153.003267938956	150.658554353877	146.184814532837	138.195513675372	127.094453065427	123.490890352285	123.685083983478	128.444540561287	136.41847382228	146.184814532837	150.658554353877	150.658554353877	153.003267938956	155.415571935376	155.415571935376	157.892368403289	
160.031246948838	154.796640790425	149.806541913229	142.021125189177	123	138.195513675372	147.410990092327	152.269497930479	154.382641511279	157.079597656729	156.977705423414	157.079597656729	157.384878562078	154.796640790425	157.892368403289	155.415571935376	153.003267938956	150.658554353877	144.062486442516	134.736780427617	125.928551170892	123.036579926459	124.458828533777	130.299654642674	140.064270961584	148.384635323203	150.658554353877	153.003267938956	153.003267938956	155.415571935376	157.26728839781	157.892368403289	
162.732910009008	157.384878562078	152.269497930479	147.410990092327	126.846363763413	122.971541423209	145.086181285469	149.806541913229	151.74320413119	151.426549851735	156.977705423414	157.079597656729	157.384878562078	154.796640790425	152.269497930479	153.003267938956	153.003267938956	148.384635323203	142.021125189177	131.673839467071	124.310096130604	123.036579926459	126.146739949949	133.154046127033	144.062486442516	148.384635323203	150.658554353877	153.003267938956	155.415571935376	155.415571935376	157.892368403289	157.892368403289	
159.831160916762	158.549676757791	154.796640790425	149.806541913229	134.647688431699	119	136.565002837477	144.201248260894	149.164338901763	151.426549851735	154.175224987674	154.175224987674	154.382641511279	154.796640790425	152.269497930479	153.003267938956	150.658554353877	148.384635323203	138.195513675372	129.034879005639	123.259888041487	123.490890352285	129.034879005639	136.41847382228	146.184814532837	150.658554353877	153.003267938956	153.003267938956	155.415571935376	156.02884348735	157.892368403289	157.892368403289	
159.831160916762	157.079597656729	154.382641511279	149.164338901763	145.086181285469	122.971541423209	124.040316026685	141.823834386185	143.533968105114	148.734663074886	148.519359007504	151.426549851735	151.74320413119	151.74320413119	152.269497930479	149.806541913229	150.658554353877	144.062486442516	133.154046127033	125.928551170892	123	125.131930377502	131.673839467071	140.545366341264	148.384635323203	150.658554353877	153.003267938956	155.415571935376	155.415571935376	157.892368403289	157.892368403289	160.430670384437	
159.831160916762	156.977705423414	154.382641511279	151.74320413119	146.649241389105	131.125893705248	115.039123779695	125.706006220864	141.031911282518	144.589072892802	148.519359007504	148.519359007504	148.734663074886	149.164338901763	149.806541913229	147.410990092327	145.086181285469	140.064270961584	129.034879005639	123.91125856838	123.490890352285	127.882758806651	136.41847382228	146.184814532837	150.658554353877	150.658554353877	153.003267938956	155.415571935376	157.26728839781	157.892368403289	157.892368403289	160.430670384437	
160.031246948838	159.831160916762	154.175224987674	151.426549851735	146.102703602637	141.031911282518	115.247559627091	113.357840487546	136.824705371508	140.463518395347	142.863571283935	142.863571283935	143.087385887086	146.102703602637	146.649241389105	145.086181285469	138.571281295945	129.468142799686	125.131930377502	123	125.928551170892	132.034086507992	142.021125189177	148.384635323203	150.658554353877	153.003267938956	155.415571935376	155.415571935376	157.892368403289	157.892368403289	160.430670384437	160.430670384437	
157.384878562078	157.079597656729	156.977705423414	154.175224987674	148.734663074886	143.533968105114	127.632284317096	111.287914887467	122.188379152847	134.825813552153	140.121375956704	140.007142674936	143.087385887086	143.533968105114	144.201248260894	137.844114854425	132.823190746195	124.040316026685	123.199025970176	123.794184031399	130.299654642674	138.195513675372	146.184814532837	150.658554353877	153.003267938956	153.003267938956	155.415571935376	157.892368403289	157.892368403289	160.430670384437	160.430670384437	163.027605024425	
160.430670384437	157.384878562078	157.079597656729	154.175224987674	148.519359007504	143.087385887086	137.905764926634	116.867446279963	107.489534374282	127.412715221048	134.46932735758	134.350288425444	137.440896388229	137.905764926634	136.824705371508	129.251692445399	121.433109158911	119.94165248153	119.205704561485	122.971541423209	136.41847382228	145.113748487178	150.658554353877	153.003267938956	153.003267938956	155.415571935376	157.892368403289	157.892368403289	160.430670384437	160.430670384437	163.027605024425	163.027605024425	
157.892368403289	154.796640790425	154.382641511279	151.426549851735	148.519359007504	142.863571283935	137.440896388229	129.807549857472	103.585713300628	106.404887105809	126.150703525585	128.693434175952	131.795295818933	132.280006047777	126.24579200908	118.33004690272	116.558997936667	115.017389989514	122.024587686253	129.468142799686	140.662717164144	145.086181285469	150.658554353877	153.003267938956	155.415571935376	156.02884348735	157.892368403289	160.430670384437	160.430670384437	163.027605024425	163.027605024425	163.027605024425	
158.600126103355	155.415571935376	154.796640790425	151.74320413119	148.734663074886	142.863571283935	137.207871494313	134.46932735758	113.251931550857	95	108.452754690695	123.036579926459	123.166553901617	117.345643293648	110.136279218067	108.046286377645	111.04053313993	118.127050246758	125.80143083447	136.751599625014	145.086181285469	147.410990092327	149.806541913229	152.269497930479	154.796640790425	157.892368403289	160.430670384437	160.430670384437	163.027605024425	163.027605024425	165.01212076693	165.680415257809	
156.236999459155	153.003267938956	155.415571935376	152.269497930479	149.164338901763	143.087385887086	140.121375956704	134.350288425444	123.166553901617	97.86214794291	89.9888882029331	106.21675950621	105.118980208143	102.693719379522	100.129915609672	103.237590053236	110.353975913875	122.155638429014	132.3064624272	141.823834386185	146.649241389105	149.806541913229	152.269497930479	154.796640790425	154.796640790425	157.384878562078	157.384878562078	160.031246948838	163.027605024425	165.680415257809	165.680415257809	165.680415257809	
152.820155738698	153.941547348336	153.003267938956	149.806541913229	146.649241389105	143.533968105114	140.463518395347	134.46932735758	125.896783120142	111.865991257397	72.5672102261069	61.8546683767685	84.8645980371085	91.2688336728371	95.6347217280419	105.004761796787	116.764720699362	130.667517004036	141.031911282518	143.533968105114	149.164338901763	149.164338901763	151.74320413119	154.796640790425	157.384878562078	157.384878562078	160.031246948838	160.031246948838	162.732910009008	162.732910009008	163.416645419003	165.487159622733	
145.499140890934	149.566038925954	149.214610544678	148.384635323203	145.660564326794	141.823834386185	138.600144300069	129.807549857472	118.600168633944	108.452754690695	68.0073525436772	23.0867927612304	43	85.146931829632	100.647901120689	113.991227732664	126.65701717631	134.825813552153	140.463518395347	143.087385887086	146.102703602637	148.734663074886	154.382641511279	154.382641511279	157.079597656729	157.079597656729	162.732910009008	162.732910009008	162.732910009008	165.487159622733	165.487159622733	165.487159622733	
134.082064423248	138.397976863826	143.589693223434	140.064270961584	137.927517196533	136.565002837477	127.632284317096	120.307938225206	106.77546534668	98.7623410010111	83.7257427557379	39.6232255123179	29.1547594742265	75.0066663703967	109.224539367305	123.166553901617	128.817700647077	134.46932735758	140.121375956704	142.863571283935	145.773797371133	151.426549851735	151.426549851735	154.175224987674	157.079597656729	159.831160916762	159.831160916762	162.634559672906	162.634559672906	165.487159622733	165.487159622733	168.291413922398	
127.47548783982	128.891427178071	130.728726758888	130.96946208945	127.882758806651	122.971541423209	118.127050246758	112.614386292338	107.228727494082	99.247166206396	92.9623579735368	89.9444272870754	68.5419579527752	80.4114419718985	107.415082739809	123.166553901617	128.817700647077	134.350288425444	140.007142674936	142.863571283935	145.663996924429	151.320851173921	151.320851173921	156.977705423414	156.977705423414	156.977705423414	159.831160916762	162.634559672906	162.634559672906	165.487159622733	165.487159622733	165.487159622733	
129.247823966208	127.882758806651	127.09838708654	127.035428129321	127.035428129321	123.101584067793	119.507321951419	116.558997936667	115.247559627091	113.216606555752	111.830228471554	120.507261192013	112.294256309038	94.9210198006743	96.8813707582629	113.251931550857	126.65701717631	134.825813552153	137.440896388229	143.087385887086	145.773797371133	148.734663074886	151.426549851735	154.382641511279	157.079597656729	157.079597656729	160.552172205797	162.732910009008	162.732910009008	165.680415257809	168.386460263288	168.386460263288	
140.035709731482	136.857590216984	134.082064423248	132.853302555864	132.853302555864	130.299654642674	129.468142799686	132.823190746195	131.764942226679	133.003759345366	134.825813552153	131.552270980018	125.896783120142	116.249731182485	101.636607578175	104.086502487114	113.216606555752	133.003759345366	137.905764926634	143.533968105114	146.102703602637	149.164338901763	151.74320413119	151.74320413119	157.384878562078	157.384878562078	160.031246948838	163.027605024425	163.027605024425	163.685674388445	165.680415257809	165.680415257809	
151.716841517348	151.716841517348	149.566038925954	149.566038925954	149.566038925954	149.566038925954	148.384635323203	146.239529539725	144.201248260894	143.533968105114	143.087385887086	137.207871494313	137.207871494313	134.825813552153	122.873919120373	110.602893271379	111.04053313993	117.652029306765	131.764942226679	141.823834386185	144.201248260894	146.649241389105	152.269497930479	152.269497930479	157.892368403289	157.892368403289	160.430670384437	160.430670384437	160.430670384437	160.430670384437	163.027605024425	163.027605024425	
156.236999459155	156.236999459155	153.941547348336	153.941547348336	153.941547348336	156.236999459155	153.003267938956	153.003267938956	152.269497930479	149.164338901763	148.734663074886	142.863571283935	142.863571283935	143.087385887086	137.905764926634	129.653384066904	120.208152801713	115.039123779695	119.104995697074	132.823190746195	142.835569799683	147.410990092327	150.658554353877	153.003267938956	155.415571935376	155.415571935376	157.892368403289	157.892368403289	157.892368403289	159.154013458662	160.430670384437	160.430670384437	
158.600126103355	158.600126103355	158.600126103355	158.600126103355	158.600126103355	158.600126103355	158.600126103355	157.892368403289	154.796640790425	154.382641511279	151.426549851735	151.320851173921	148.519359007504	148.734663074886	143.533968105114	144.201248260894	137.29530217746	127.945300812496	123.490890352285	123.91125856838	131.673839467071	142.021125189177	148.384635323203	150.658554353877	150.658554353877	153.003267938956	153.003267938956	155.415571935376	155.415571935376	155.415571935376	157.892368403289	157.892368403289	
161.027947884831	161.027947884831	161.027947884831	161.027947884831	161.027947884831	161.027947884831	161.644672043343	160.430670384437	160.430670384437	160.031246948838	157.079597656729	156.977705423414	154.175224987674	154.382641511279	149.164338901763	149.806541913229	147.410990092327	146.184814532837	133.154046127033	125.131930377502	123.199025970176	126.846363763413	134.736780427617	144.062486442516	148.384635323203	150.658554353877	150.658554353877	151.238222681966	153.003267938956	153.003267938956	155.415571935376	155.415571935376	
163.517583152394	163.517583152394	163.517583152394	163.517583152394	163.517583152394	166.066251839439	166.066251839439	166.066251839439	165.680415257809	162.732910009008	165.487159622733	162.634559672906	159.831160916762	160.031246948838	157.384878562078	157.892368403289	155.415571935376	153.003267938956	148.384635323203	140.064270961584	129.034879005639	123.91125856838	123.199025970176	126.146739949949	133.154046127033	140.064270961584	146.184814532837	148.384635323203	148.384635323203	150.658554353877	150.658554353877	153.003267938956	
166.066251839439	166.066251839439	166.066251839439	166.066251839439	166.066251839439	168.67127793433	168.67127793433	168.67127793433	168.386460263288	168.386460263288	165.487159622733	165.487159622733	162.732910009008	164.347193465541	160.430670384437	160.430670384437	157.892368403289	155.415571935376	153.003267938956	150.658554353877	144.062486442516	133.154046127033	125.928551170892	123.199025970176	123.91125856838	126.846363763413	131.673839467071	138.195513675372	144.062486442516	146.184814532837	148.384635323203	148.384635323203	
168.67127793433	168.67127793433	168.67127793433	168.67127793433	168.67127793433	171.330090760497	171.330090760497	171.330090760497	168.386460263288	171.143214881572	168.291413922398	171.143214881572	168.386460263288	165.680415257809	163.027605024425	160.430670384437	160.430670384437	157.892368403289	155.415571935376	153.003267938956	150.658554353877	148.384635323203	138.195513675372	130.299654642674	125.131930377502	123.146254510643	123.405834546021	125.717938258627	129.653384066904	134.736780427617	142.021125189177	144.062486442516	
171.330090760497	171.330090760497	171.330090760497	171.330090760497	171.330090760497	171.330090760497	174.040225235432	174.040225235432	174.040225235432	173.948268171891	173.948268171891	171.143214881572	168.386460263288	168.386460263288	165.680415257809	163.027605024425	160.430670384437	157.892368403289	157.892368403289	155.415571935376	153.003267938956	150.658554353877	148.384635323203	144.062486442516	136.41847382228	129.034879005639	125.131930377502	123.199025970176	123.199025970176	125.131930377502	129.034879005639	130.633073913156	
174.040225235432	174.040225235432	174.040225235432	174.040225235432	174.040225235432	174.040225235432	176.799321265665	176.799321265665	176.799321265665	173.948268171891	173.948268171891	171.143214881572	171.143214881572	168.386460263288	165.680415257809	163.685674388445	163.027605024425	160.430670384437	157.892368403289	157.892368403289	155.415571935376	153.003267938956	153.003267938956	150.658554353877	148.384635323203	144.062486442516	136.41847382228	131.320219311422	125.928551170892	123.91125856838	123	123.199025970176	
174.040225235432	176.799321265665	176.799321265665	176.799321265665	176.799321265665	176.799321265665	176.799321265665	176.799321265665	176.799321265665	173.948268171891	173.948268171891	171.143214881572	171.143214881572	168.386460263288	168.386460263288	165.680415257809	163.027605024425	163.027605024425	160.430670384437	157.892368403289	157.892368403289	155.415571935376	153.003267938956	153.003267938956	150.658554353877	150.658554353877	147.275252503603	144.062486442516	136.41847382228	131.320219311422	126.146739949949	124.779806058513	
176.799321265665	176.799321265665	176.799321265665	176.799321265665	176.799321265665	176.799321265665	176.799321265665	176.799321265665	176.799321265665	173.948268171891	173.948268171891	171.143214881572	171.143214881572	168.386460263288	168.386460263288	165.680415257809	165.680415257809	163.027605024425	160.430670384437	160.430670384437	157.892368403289	157.892368403289	155.415571935376	155.415571935376	153.003267938956	153.003267938956	150.658554353877	148.384635323203	146.184814532837	144.062486442516	136.41847382228	133.154046127033	
176.799321265665	176.799321265665	176.799321265665	176.799321265665	176.799321265665	176.799321265665	176.799321265665	176.799321265665	176.799321265665	173.948268171891	173.948268171891	171.840041899436	171.143214881572	171.143214881572	168.386460263288	165.680415257809	165.680415257809	163.027605024425	163.027605024425	160.430670384437	160.430670384437	157.892368403289	157.892368403289	155.415571935376	155.415571935376	153.003267938956	153.003267938956	150.658554353877	150.658554353877	148.384635323203	146.184814532837	144.062486442516	
Channel : 17
162.634559672906	160.031246948838	154.796640790425	153.003267938956	143.589693223434	127.47548783982	147.492372684149	154.508899420066	161.027947884831	163.517583152394	165.302752548165	165.680415257809	168.386460263288	169	168.291413922398	171.143214881572	168.386460263288	168.386460263288	165.680415257809	165.680415257809	163.027605024425	163.027605024425	160.430670384437	157.892368403289	157.892368403289	155.415571935376	155.415571935376	153.003267938956	150.658554353877	150.658554353877	146.184814532837	142.021125189177	
159.831160916762	162.732910009008	157.384878562078	155.415571935376	148.384635323203	127.47548783982	138.397976863826	153.941547348336	158.600126103355	163.517583152394	163.027605024425	165.680415257809	168.386460263288	168.291413922398	168.291413922398	171.143214881572	168.386460263288	168.386460263288	165.680415257809	165.680415257809	163.027605024425	160.430670384437	160.430670384437	157.892368403289	157.892368403289	155.415571935376	153.003267938956	153.003267938956	150.658554353877	148.384635323203	144.062486442516	138.195513675372	
160.031246948838	159.831160916762	157.079597656729	152.269497930479	150.658554353877	129.120099132552	130.728726758888	151.716841517348	156.236999459155	157.892368403289	160.430670384437	165.680415257809	165.487159622733	166.183633369836	168.291413922398	167.657388742638	168.386460263288	165.680415257809	165.680415257809	163.027605024425	163.027605024425	160.430670384437	157.892368403289	157.892368403289	155.415571935376	155.415571935376	153.003267938956	153.003267938956	150.658554353877	148.384635323203	142.021125189177	134.736780427617	
157.384878562078	159.831160916762	157.079597656729	154.796640790425	149.806541913229	138.195513675372	123.199025970176	140.064270961584	153.003267938956	155.415571935376	160.430670384437	161.523992025953	162.732910009008	165.487159622733	168.291413922398	165.487159622733	168.386460263288	165.680415257809	165.680415257809	163.027605024425	160.430670384437	160.430670384437	157.892368403289	157.892368403289	155.415571935376	153.600130208278	153.003267938956	150.658554353877	148.384635323203	144.585614775468	136.853936735485	130.299654642674	
160.430670384437	160.031246948838	156.977705423414	154.382641511279	152.269497930479	145.086181285469	125.131930377502	129.034879005639	150.658554353877	155.415571935376	154.796640790425	157.384878562078	162.732910009008	165.487159622733	165.487159622733	165.487159622733	163.465592709903	165.680415257809	163.027605024425	163.027605024425	160.430670384437	157.892368403289	157.892368403289	155.415571935376	155.415571935376	153.003267938956	150.658554353877	150.658554353877	146.184814532837	140.064270961584	133.154046127033	126.846363763413	
157.892368403289	157.384878562078	158.448729878153	154.175224987674	151.74320413119	149.806541913229	127.945300812496	123.91125856838	142.835569799683	149.806541913229	152.269497930479	157.384878562078	160.031246948838	159.831160916762	162.634559672906	162.732910009008	162.732910009008	165.680415257809	163.027605024425	160.430670384437	160.430670384437	157.892368403289	156.02884348735	155.415571935376	153.003267938956	153.003267938956	150.658554353877	148.384635323203	142.021125189177	135.14806694881	129.034879005639	124.458828533777	
158.600126103355	155.56670594957	154.382641511279	156.977705423414	151.426549851735	147.898613921835	140.662717164144	119.507321951419	133.7235955245	147.410990092327	152.269497930479	151.74320413119	157.079597656729	159.831160916762	159.831160916762	162.732910009008	162.732910009008	160.031246948838	160.430670384437	160.430670384437	157.892368403289	157.892368403289	155.415571935376	153.003267938956	153.003267938956	150.658554353877	148.384635323203	144.062486442516	136.41847382228	130.299654642674	125.131930377502	123.199025970176	
156.236999459155	155.415571935376	154.796640790425	151.426549851735	151.426549851735	146.102703602637	144.201248260894	121.433109158911	124.040316026685	141.823834386185	146.649241389105	150.446003602621	154.382641511279	154.175224987674	159.831160916762	159.831160916762	160.031246948838	158.041133886087	160.430670384437	157.892368403289	157.892368403289	155.415571935376	155.415571935376	153.003267938956	150.658554353877	148.384635323203	144.062486442516	138.195513675372	130.299654642674	125.928551170892	123.259888041487	123.199025970176	
151.716841517348	153.003267938956	152.269497930479	151.74320413119	148.519359007504	145.773797371133	143.533968105114	131.764942226679	115.039123779695	131.125893705248	141.031911282518	146.102703602637	148.734663074886	154.175224987674	154.175224987674	157.079597656729	154.382641511279	157.384878562078	154.796640790425	157.892368403289	155.415571935376	153.003267938956	153.003267938956	150.658554353877	148.384635323203	144.062486442516	136.41847382228	130.299654642674	125.717938258627	123.199025970176	123.259888041487	125.514939349864	
141.767415155952	153.941547348336	153.003267938956	149.164338901763	148.734663074886	145.663996924429	143.087385887086	141.031911282518	113.357840487546	116.387284528852	136.242430982422	140.463518395347	145.096519599886	148.519359007504	148.519359007504	151.426549851735	154.382641511279	154.796640790425	154.796640790425	155.415571935376	153.003267938956	153.003267938956	150.658554353877	148.384635323203	144.062486442516	136.41847382228	129.340635532689	125.319591445233	123.199025970176	123.199025970176	125.928551170892	130.299654642674	
131.217376898031	142.214626533279	150.658554353877	149.806541913229	149.164338901763	145.773797371133	142.863571283935	137.440896388229	120.307938225206	107.042047812997	122.188379152847	134.825813552153	140.121375956704	142.863571283935	142.863571283935	148.734663074886	151.74320413119	149.164338901763	152.269497930479	149.806541913229	151.238222681966	150.658554353877	146.184814532837	142.021125189177	133.540256102795	128.160056179763	124.458828533777	123.036579926459	123.583979544276	126.846363763413	131.673839467071	138.195513675372	
127.035428129321	129.838361049422	142.021125189177	147.410990092327	144.201248260894	146.102703602637	142.863571283935	137.207871494313	129.015502944414	105.759160359753	108.784190027779	126.65701717631	134.46932735758	137.207871494313	142.863571283935	143.087385887086	146.102703602637	146.649241389105	149.806541913229	147.410990092327	145.086181285469	144.062486442516	138.195513675372	131.673839467071	125.928551170892	123.583979544276	123.036579926459	124.458828533777	127.882758806651	133.154046127033	140.064270961584	146.184814532837	
130.96946208945	127.565669362881	130.268952555857	140.064270961584	138.571281295945	144.201248260894	140.463518395347	137.207871494313	131.552270980018	111.830228471554	95	105.990565617889	126.81088281374	131.552270980018	134.46932735758	137.440896388229	140.463518395347	141.031911282518	141.823834386185	140.662717164144	132.823190746195	127.945300812496	126.846363763413	123.91125856838	123	123.91125856838	126.846363763413	131.673839467071	138.195513675372	144.062486442516	148.384635323203	150.658554353877	
142.214626533279	134.082064423248	127.192767089957	129.838361049422	127.349911660747	129.711217710728	138.003623140844	134.825813552153	131.552270980018	123.166553901617	94.9210198006743	92.2279784013506	117.923704148063	123.036579926459	128.817700647077	132.280006047777	133.003759345366	131.764942226679	129.251692445399	124.233650835834	122.482651832821	119.94165248153	123.016259087976	123.490890352285	125.928551170892	130.299654642674	136.41847382228	142.021125189177	148.384635323203	150.658554353877	150.658554353877	153.003267938956	
153.941547348336	147.492372684149	135.768184785685	127.47548783982	123.036579926459	119.94165248153	122.776219195738	122.188379152847	119.540788018149	115.42096863222	89.9388681271896	68.0661443009665	83.0060238777885	104.201727432898	108.452754690695	109.59014554238	112.805141726785	112.57886124846	112.614386292338	115.277925033373	119.037809119624	120.353645561736	122.971541423209	127.945300812496	136.41847382228	143.544418212622	148.384635323203	150.658554353877	150.658554353877	153.003267938956	153.003267938956	155.415571935376	
156.236999459155	153.941547348336	149.566038925954	137.233377864133	131.673839467071	122.249744376011	115	111.758668567588	105.759160359753	98.7623410010111	86.1278120005379	50.7740090991444	32.8937684067971	65.8027355054484	89.0505474435727	95.2575456328789	99.247166206396	103.043680058507	111.018016555873	114.236596587959	121.757956618859	125.80143083447	134.647688431699	140.662717164144	145.086181285469	148.219431924428	151.238222681966	153.003267938956	153.003267938956	155.415571935376	155.415571935376	157.892368403289	
158.600126103355	156.236999459155	156.236999459155	151.716841517348	149.566038925954	140.064270961584	125.227792442413	113.357840487546	108.046286377645	99.6092365195116	92.2279784013506	71.8470597867442	16.5529453572468	41.7851648315524	85.146931829632	96.1353212924365	99.929975482835	110.136279218067	118.532695911297	127.632284317096	133.962681370597	141.823834386185	141.823834386185	147.410990092327	149.806541913229	149.806541913229	152.269497930479	155.415571935376	155.415571935376	157.892368403289	157.892368403289	157.892368403289	
161.027947884831	161.027947884831	158.600126103355	156.236999459155	156.236999459155	150.658554353877	142.835569799683	135.151766544134	122.188379152847	116.764720699362	113.991227732664	105.118980208143	72.3463889907437	63.3876959669619	86.3133825081603	114.86513831446	117.923704148063	124.326183887386	132.280006047777	137.905764926634	139.463256809814	143.533968105114	146.649241389105	149.164338901763	152.269497930479	152.269497930479	154.796640790425	154.796640790425	154.796640790425	160.430670384437	160.430670384437	160.430670384437	
163.517583152394	163.517583152394	161.027947884831	161.027947884831	158.600126103355	155.415571935376	149.806541913229	146.649241389105	141.031911282518	134.825813552153	134.46932735758	125.896783120142	117.515956363381	94.9210198006743	93.8616002420585	115.42096863222	125.896783120142	128.693434175952	137.207871494313	140.121375956704	143.087385887086	145.773797371133	148.734663074886	151.74320413119	151.74320413119	154.382641511279	157.384878562078	157.384878562078	160.031246948838	160.031246948838	160.031246948838	160.031246948838	
166.066251839439	166.066251839439	163.517583152394	163.517583152394	163.517583152394	157.892368403289	157.892368403289	152.269497930479	146.102703602637	143.087385887086	137.931142241337	134.350288425444	128.817700647077	115.247559627091	99.247166206396	106.77546534668	126.65701717631	131.795295818933	137.207871494313	140.007142674936	145.663996924429	145.663996924429	148.519359007504	151.426549851735	154.175224987674	157.079597656729	157.079597656729	157.079597656729	162.732910009008	162.732910009008	162.732910009008	162.732910009008	
168.67127793433	168.67127793433	168.67127793433	166.066251839439	166.066251839439	166.066251839439	160.430670384437	157.384878562078	154.382641511279	151.426549851735	145.663996924429	142.863571283935	137.440896388229	132.280006047777	113.885907820063	107.228727494082	118.532695911297	133.600149700515	137.905764926634	141.113429552258	145.773797371133	145.773797371133	151.426549851735	154.175224987674	155.569919971696	156.977705423414	156.977705423414	162.634559672906	162.634559672906	162.634559672906	164.054868870144	165.487159622733	
171.330090760497	171.330090760497	168.67127793433	168.67127793433	168.67127793433	168.67127793433	163.027605024425	160.031246948838	157.079597656729	154.175224987674	151.320851173921	151.426549851735	146.102703602637	143.533968105114	129.653384066904	112.614386292338	112.614386292338	125.706006220864	138.600144300069	141.031911282518	149.164338901763	149.164338901763	151.74320413119	154.382641511279	157.079597656729	157.079597656729	159.831160916762	159.831160916762	162.732910009008	165.487159622733	165.487159622733	165.487159622733	
174.040225235432	174.040225235432	171.330090760497	171.330090760497	171.330090760497	171.330090760497	168.386460263288	166.207701385947	165.487159622733	162.634559672906	157.079597656729	154.382641511279	151.74320413119	147.271857460956	144.201248260894	125.80143083447	119.507321951419	122.024587686253	136.565002837477	145.086181285469	147.410990092327	149.806541913229	152.269497930479	154.796640790425	157.384878562078	157.384878562078	163.027605024425	163.027605024425	165.680415257809	165.680415257809	165.680415257809	165.680415257809	
176.799321265665	176.799321265665	174.040225235432	174.040225235432	174.040225235432	174.040225235432	171.143214881572	171.143214881572	168.291413922398	165.487159622733	162.732910009008	160.031246948838	154.796640790425	152.269497930479	149.806541913229	144.062486442516	129.034879005639	123.036579926459	127.882758806651	140.064270961584	148.384635323203	150.658554353877	153.003267938956	155.415571935376	157.892368403289	157.892368403289	160.430670384437	160.430670384437	163.027605024425	163.027605024425	164.347193465541	165.680415257809	
176.799321265665	176.799321265665	176.799321265665	176.799321265665	176.799321265665	176.799321265665	173.948268171891	173.948268171891	171.143214881572	168.386460263288	165.680415257809	163.027605024425	160.430670384437	157.892368403289	155.415571935376	150.658554353877	142.021125189177	127.882758806651	123	127.882758806651	140.064270961584	148.384635323203	150.658554353877	153.003267938956	155.415571935376	155.415571935376	157.892368403289	157.892368403289	160.430670384437	160.430670384437	160.430670384437	163.027605024425	
176.799321265665	176.799321265665	176.799321265665	176.799321265665	176.799321265665	176.799321265665	173.948268171891	173.948268171891	171.143214881572	168.386460263288	165.680415257809	165.680415257809	160.430670384437	157.892368403289	155.415571935376	153.003267938956	148.384635323203	136.41847382228	125.131930377502	123.199025970176	130.299654642674	140.064270961584	148.384635323203	150.658554353877	153.003267938956	153.003267938956	155.415571935376	155.415571935376	157.892368403289	157.892368403289	160.430670384437	160.430670384437	
176.799321265665	176.799321265665	176.799321265665	176.799321265665	176.799321265665	176.799321265665	173.948268171891	173.948268171891	171.143214881572	168.386460263288	165.680415257809	165.680415257809	163.027605024425	160.430670384437	155.415571935376	153.003267938956	150.658554353877	146.184814532837	131.673839467071	123.91125856838	123.91125856838	130.299654642674	140.545366341264	146.727638841494	150.658554353877	150.658554353877	153.003267938956	153.600130208278	155.415571935376	155.415571935376	157.892368403289	157.892368403289	
176.799321265665	176.799321265665	176.799321265665	176.799321265665	176.799321265665	176.799321265665	173.948268171891	173.948268171891	171.143214881572	168.386460263288	165.680415257809	165.680415257809	163.027605024425	160.430670384437	157.892368403289	155.415571935376	153.003267938956	150.658554353877	140.064270961584	129.034879005639	123.199025970176	124.458828533777	131.673839467071	140.064270961584	146.184814532837	148.384635323203	150.658554353877	153.003267938956	153.003267938956	155.415571935376	155.415571935376	155.415571935376	
176.799321265665	176.799321265665	176.799321265665	176.799321265665	176.799321265665	176.799321265665	173.948268171891	173.948268171891	171.143214881572	168.386460263288	166.352036356637	165.680415257809	163.027605024425	160.430670384437	157.892368403289	155.415571935376	153.003267938956	150.658554353877	147.275252503603	136.41847382228	126.146739949949	123.036579926459	124.951990780459	130.299654642674	140.064270961584	146.184814532837	148.384635323203	150.658554353877	150.658554353877	153.003267938956	153.003267938956	155.415571935376	
176.799321265665	176.799321265665	176.799321265665	176.799321265665	176.799321265665	173.948268171891	173.948268171891	171.143214881572	171.143214881572	168.386460263288	165.680415257809	165.680415257809	163.027605024425	160.430670384437	157.892368403289	155.415571935376	155.415571935376	153.003267938956	150.083310198036	144.062486442516	131.673839467071	125.131930377502	123	125.131930377502	131.673839467071	140.064270961584	146.184814532837	148.384635323203	150.658554353877	150.658554353877	150.658554353877	153.003267938956	
176.799321265665	176.799321265665	176.799321265665	176.799321265665	173.948268171891	173.948268171891	173.948268171891	171.143214881572	171.143214881572	168.386460263288	165.680415257809	165.680415257809	163.027605024425	160.430670384437	157.892368403289	157.26728839781	155.415571935376	153.003267938956	150.658554353877	148.384635323203	138.195513675372	129.034879005639	123.91125856838	123.146254510643	125.928551170892	131.673839467071	138.65424623862	144.062486442516	148.384635323203	148.384635323203	150.658554353877	150.658554353877	
176.799321265665	176.799321265665	176.799321265665	176.799321265665	173.948268171891	173.948268171891	171.143214881572	171.143214881572	168.386460263288	168.386460263288	165.680415257809	165.680415257809	163.027605024425	160.430670384437	157.892368403289	157.892368403289	155.415571935376	153.003267938956	150.658554353877	148.384635323203	142.523682242636	133.154046127033	126.146739949949	123.259888041487	123.490890352285	126.846363763413	131.673839467071	138.195513675372	144.062486442516	146.184814532837	148.384635323203	148.384635323203	
Channel : 14
151.716841517348	161.027947884831	163.027605024425	165.487159622733	162.732910009008	160.430670384437	158.600126103355	151.716841517348	127.47548783982	136.857590216984	153.941547348336	156.821554640936	161.027947884831	163.517583152394	168.67127793433	171.330090760497	171.330090760497	174.040225235432	174.040225235432	176.799321265665	176.799321265665	176.799321265665	176.799321265665	176.799321265665	173.948268171891	173.948268171891	173.948268171891	171.143214881572	171.143214881572	171.143214881572	169.070991006737	168.386460263288	
149.566038925954	158.600126103355	160.430670384437	162.732910009008	165.487159622733	163.027605024425	158.600126103355	153.941547348336	130.728726758888	131.734581640509	151.716841517348	156.236999459155	161.027947884831	163.517583152394	166.066251839439	168.67127793433	171.330090760497	174.040225235432	174.040225235432	176.799321265665	176.799321265665	176.799321265665	176.799321265665	176.799321265665	173.948268171891	173.948268171891	173.948268171891	171.143214881572	171.143214881572	171.143214881572	168.386460263288	168.386460263288	
138.397976863826	153.941547348336	161.027947884831	163.027605024425	162.634559672906	160.031246948838	157.892368403289	156.236999459155	136.857590216984	127.882758806651	147.492372684149	153.941547348336	158.600126103355	163.517583152394	166.066251839439	168.67127793433	171.330090760497	174.040225235432	174.040225235432	176.799321265665	176.799321265665	176.799321265665	176.799321265665	173.948268171891	173.948268171891	173.948268171891	171.143214881572	171.143214881572	171.143214881572	168.386460263288	168.386460263288	167.026943934205	
131.734581640509	144.059015684545	158.600126103355	160.430670384437	159.831160916762	159.831160916762	157.384878562078	155.415571935376	143.589693223434	127.035428129321	141.767415155952	153.941547348336	158.600126103355	161.027947884831	166.066251839439	168.67127793433	171.330090760497	171.330090760497	174.040225235432	174.040225235432	176.799321265665	176.799321265665	173.948268171891	173.948268171891	173.948268171891	171.143214881572	171.143214881572	171.143214881572	169.758652209541	168.386460263288	168.386460263288	165.680415257809	
127.882758806651	130.728726758888	153.941547348336	156.02884348735	160.031246948838	156.977705423414	157.384878562078	152.269497930479	148.384635323203	129.065874653217	134.082064423248	151.716841517348	156.236999459155	161.027947884831	163.517583152394	168.67127793433	168.67127793433	171.330090760497	174.040225235432	174.040225235432	176.799321265665	173.948268171891	173.948268171891	173.948268171891	171.143214881572	171.143214881572	171.143214881572	171.143214881572	168.386460263288	168.386460263288	165.680415257809	165.680415257809	
141.325864582531	127.035428129321	143.589693223434	156.236999459155	154.796640790425	157.079597656729	156.348968656656	154.796640790425	150.658554353877	133.150291024842	129.065874653217	149.566038925954	156.236999459155	158.600126103355	163.517583152394	166.066251839439	168.67127793433	171.330090760497	174.040225235432	174.040225235432	173.948268171891	173.948268171891	173.948268171891	171.143214881572	171.143214881572	171.143214881572	171.143214881572	168.386460263288	168.386460263288	165.680415257809	165.680415257809	165.680415257809	
153.941547348336	134.082064423248	129.838361049422	151.716841517348	155.415571935376	154.382641511279	154.175224987674	151.74320413119	149.806541913229	138.195513675372	123.146254510643	141.767415155952	153.941547348336	158.600126103355	163.517583152394	166.066251839439	168.67127793433	171.330090760497	171.143214881572	171.143214881572	171.840041899436	173.948268171891	171.143214881572	171.143214881572	171.143214881572	171.143214881572	168.386460263288	168.386460263288	165.680415257809	165.680415257809	165.680415257809	163.027605024425	
158.600126103355	149.566038925954	127.251719045363	136.857590216984	153.003267938956	154.796640790425	151.426549851735	151.426549851735	149.164338901763	142.835569799683	123.490890352285	131.673839467071	150.658554353877	153.003267938956	157.892368403289	160.430670384437	165.680415257809	168.386460263288	168.386460263288	171.143214881572	170.42593699317	171.143214881572	171.143214881572	171.143214881572	168.386460263288	168.386460263288	168.386460263288	165.680415257809	165.680415257809	165.680415257809	163.027605024425	163.027605024425	
161.027947884831	156.236999459155	138.397976863826	127.035428129321	140.064270961584	149.806541913229	151.74320413119	148.519359007504	146.102703602637	144.201248260894	124.040316026685	122.024587686253	142.835569799683	150.602124819008	157.892368403289	160.430670384437	163.027605024425	163.465592709903	165.487159622733	168.291413922398	168.291413922398	171.143214881572	169.758652209541	168.386460263288	168.386460263288	165.680415257809	165.680415257809	165.680415257809	163.027605024425	163.027605024425	161.074516916861	160.430670384437	
163.517583152394	158.600126103355	151.716841517348	131.734581640509	129.247823966208	140.662717164144	146.649241389105	145.773797371133	142.863571283935	143.533968105114	122.155638429014	115.212846505934	136.565002837477	147.410990092327	152.269497930479	157.384878562078	160.031246948838	162.732910009008	165.487159622733	168.291413922398	165.487159622733	166.207701385947	168.386460263288	165.680415257809	165.680415257809	165.680415257809	165.680415257809	163.027605024425	163.027605024425	160.430670384437	160.430670384437	157.892368403289	
166.066251839439	161.027947884831	156.236999459155	149.566038925954	128.413394939936	125.928551170892	139.520607796841	143.533968105114	142.863571283935	140.121375956704	128.413394939936	111.543713404208	122.155638429014	144.201248260894	149.164338901763	151.74320413119	154.382641511279	159.831160916762	162.634559672906	162.634559672906	164.793810563382	162.732910009008	165.680415257809	165.680415257809	165.680415257809	163.027605024425	163.027605024425	160.430670384437	160.430670384437	158.521291945278	157.892368403289	157.892368403289	
168.67127793433	164.784708028385	161.027947884831	156.236999459155	141.767415155952	123.91125856838	124.040316026685	133.962681370597	137.440896388229	134.350288425444	132.280006047777	111.400179533069	115.247559627091	138.600144300069	143.533968105114	148.734663074886	151.426549851735	154.175224987674	156.977705423414	159.831160916762	162.732910009008	162.732910009008	163.027605024425	163.027605024425	163.027605024425	160.430670384437	160.430670384437	157.892368403289	157.892368403289	157.892368403289	155.415571935376	155.415571935376	
171.330090760497	168.67127793433	163.517583152394	161.027947884831	156.236999459155	140.064270961584	120.507261192013	116.558997936667	126.24579200908	131.795295818933	131.552270980018	111.364267159624	103.237590053236	122.873919120373	134.825813552153	143.087385887086	145.773797371133	151.320851173921	154.175224987674	157.079597656729	160.031246948838	157.384878562078	158.902485820707	160.430670384437	157.892368403289	157.892368403289	157.892368403289	155.415571935376	155.415571935376	155.415571935376	153.003267938956	153.003267938956	
174.040225235432	171.330090760497	166.066251839439	163.517583152394	158.600126103355	153.003267938956	136.565002837477	118.127050246758	112.008928215567	114.934764105557	121.165176515367	113.004424692133	95.2575456328789	107.354552767919	131.795295818933	137.207871494313	140.007142674936	142.863571283935	148.734663074886	151.74320413119	151.74320413119	154.796640790425	154.796640790425	157.892368403289	155.415571935376	155.415571935376	155.415571935376	153.003267938956	153.003267938956	153.003267938956	150.658554353877	148.946299047677	
176.799321265665	174.040225235432	171.330090760497	166.066251839439	163.517583152394	157.892368403289	149.806541913229	139.520607796841	116.387284528852	103.043680058507	98.7623410010111	99.569071503153	81.5965685553014	92.3579991121505	123.166553901617	128.693434175952	134.350288425444	140.121375956704	143.087385887086	146.102703602637	149.164338901763	152.269497930479	152.269497930479	150.602124819008	153.003267938956	153.003267938956	150.658554353877	150.658554353877	148.384635323203	146.184814532837	143.031465069753	138.65424623862	
176.799321265665	176.799321265665	171.330090760497	169.994117545284	166.066251839439	160.430670384437	157.892368403289	149.806541913229	138.600144300069	116.764720699362	100.662803457881	87	47.4341649025257	45.5411901469428	94.9210198006743	114.86513831446	126.150703525585	129.189782877749	137.905764926634	141.031911282518	144.201248260894	144.201248260894	147.410990092327	145.086181285469	148.384635323203	146.184814532837	142.021125189177	140.064270961584	135.14806694881	132.034086507992	129.034879005639	126.146739949949	
176.799321265665	176.799321265665	174.040225235432	171.330090760497	168.67127793433	163.027605024425	160.430670384437	154.796640790425	144.810220633766	137.905764926634	121.827747249959	102.420701032555	59.6154342431555	3	60.0166643524946	91.0933587041339	102.693719379522	109.59014554238	114.934764105557	123.878973195615	129.251692445399	129.251692445399	131.095385120911	129.468142799686	132.774244490413	130.299654642674	127.882758806651	125.928551170892	124.458828533777	123.490890352285	123.036579926459	123.036579926459	
176.799321265665	176.799321265665	176.799321265665	174.725498997714	171.330090760497	168.386460263288	165.01212076693	158.700976682565	148.734663074886	145.096519599886	134.46932735758	125.896783120142	103.585713300628	60.0166643524946	60.8111831820431	87.2811548961172	92.2279784013506	99.247166206396	103	107.042047812997	111.220501707194	115.212846505934	119.205704561485	119.037809119624	123.036579926459	123	123.199025970176	123.794184031399	124.458828533777	126.146739949949	128.73616430514	130.973279717658	
176.799321265665	176.799321265665	176.799321265665	176.799321265665	176.799321265665	171.143214881572	168.386460263288	162.732910009008	155.621335298217	148.519359007504	140.007142674936	137.207871494313	123.555655475579	94.9210198006743	91.0933587041339	111.865991257397	117.515956363381	116.249731182485	115.247559627091	118.966381805954	122.155638429014	124.233650835834	124.233650835834	127.945300812496	129.468142799686	133.932818980263	136.41847382228	138.195513675372	140.545366341264	144.062486442516	146.184814532837	148.384635323203	
176.799321265665	176.799321265665	176.799321265665	176.799321265665	176.799321265665	173.948268171891	171.143214881572	165.487159622733	162.634559672906	154.175224987674	148.519359007504	143.087385887086	134.825813552153	109.562767398419	99.724620831568	113.991227732664	128.817700647077	128.693434175952	134.46932735758	134.825813552153	137.905764926634	141.031911282518	144.201248260894	144.201248260894	147.410990092327	147.410990092327	148.219431924428	150.658554353877	150.658554353877	153.003267938956	153.003267938956	153.003267938956	
176.799321265665	176.799321265665	176.799321265665	176.799321265665	176.799321265665	173.948268171891	171.143214881572	171.143214881572	162.732910009008	158.549676757791	154.382641511279	147.627910640231	141.031911282518	123.878973195615	107	116.867446279963	132.280006047777	137.440896388229	137.207871494313	140.007142674936	145.773797371133	145.344418537486	146.102703602637	149.164338901763	150.71164520368	152.269497930479	152.269497930479	152.269497930479	155.415571935376	157.26728839781	157.892368403289	157.892368403289	
176.799321265665	176.799321265665	176.799321265665	176.799321265665	173.948268171891	173.948268171891	171.143214881572	169.758652209541	165.680415257809	163.027605024425	157.384878562078	152.269497930479	146.030818665102	131.125893705248	115.524889093217	116.387284528852	133.962681370597	137.905764926634	143.087385887086	145.773797371133	145.663996924429	148.519359007504	151.426549851735	154.382641511279	154.382641511279	157.384878562078	157.384878562078	157.384878562078	157.384878562078	160.430670384437	160.430670384437	160.430670384437	
176.799321265665	176.799321265665	176.799321265665	176.799321265665	173.948268171891	173.948268171891	171.143214881572	168.386460263288	165.680415257809	163.027605024425	160.430670384437	155.415571935376	153.003267938956	142.021125189177	124.458828533777	121.202310209006	132.003787824441	141.823834386185	146.649241389105	146.863882557966	148.734663074886	151.426549851735	154.175224987674	156.977705423414	159.831160916762	157.079597656729	160.031246948838	160.031246948838	160.031246948838	160.031246948838	161.443488564885	165.680415257809	
176.799321265665	176.799321265665	176.799321265665	173.948268171891	173.948268171891	171.143214881572	171.143214881572	168.386460263288	165.680415257809	163.027605024425	160.430670384437	155.415571935376	153.003267938956	144.062486442516	125.928551170892	123.91125856838	133.154046127033	148.384635323203	147.410990092327	152.269497930479	154.796640790425	154.382641511279	157.079597656729	157.079597656729	159.831160916762	162.634559672906	162.634559672906	164.054868870144	165.487159622733	165.487159622733	165.487159622733	165.487159622733	
176.799321265665	173.948268171891	173.948268171891	173.948268171891	171.143214881572	171.143214881572	168.386460263288	168.386460263288	165.680415257809	163.027605024425	157.892368403289	155.415571935376	153.003267938956	146.184814532837	127.882758806651	123.199025970176	129.340635532689	145.64683312726	150.658554353877	153.003267938956	155.415571935376	157.892368403289	160.430670384437	163.027605024425	165.680415257809	162.732910009008	165.487159622733	165.487159622733	165.487159622733	168.291413922398	168.291413922398	168.291413922398	
173.948268171891	173.948268171891	173.948268171891	173.948268171891	171.143214881572	171.143214881572	168.386460263288	165.680415257809	163.027605024425	160.430670384437	157.892368403289	155.415571935376	153.003267938956	146.184814532837	128.160056179763	123	128.160056179763	142.021125189177	150.658554353877	153.003267938956	155.415571935376	157.892368403289	160.430670384437	160.430670384437	163.027605024425	165.680415257809	165.680415257809	168.386460263288	168.386460263288	168.386460263288	170.449405983125	171.143214881572	
173.948268171891	173.948268171891	171.143214881572	171.143214881572	171.143214881572	168.386460263288	168.386460263288	165.680415257809	163.027605024425	160.430670384437	157.892368403289	155.415571935376	150.658554353877	144.062486442516	127.882758806651	123	127.882758806651	140.064270961584	148.384635323203	150.658554353877	153.600130208278	155.415571935376	157.892368403289	160.430670384437	163.027605024425	163.027605024425	165.680415257809	165.680415257809	167.026943934205	168.386460263288	168.386460263288	168.386460263288	
173.948268171891	171.143214881572	171.143214881572	171.143214881572	168.386460263288	168.386460263288	165.680415257809	163.027605024425	160.430670384437	160.430670384437	155.415571935376	153.003267938956	150.658554353877	144.062486442516	127.882758806651	123	126.846363763413	138.195513675372	148.384635323203	150.658554353877	153.003267938956	155.415571935376	157.892368403289	157.892368403289	160.430670384437	163.027605024425	163.027605024425	165.680415257809	165.680415257809	165.680415257809	168.386460263288	168.386460263288	
171.143214881572	169.070991006737	168.386460263288	168.386460263288	168.386460263288	165.680415257809	163.685674388445	163.027605024425	160.430670384437	157.892368403289	155.415571935376	153.003267938956	150.658554353877	140.064270961584	126.146739949949	123.036579926459	127.612695293219	138.195513675372	148.384635323203	150.658554353877	153.003267938956	155.415571935376	156.02884348735	157.892368403289	160.430670384437	160.430670384437	163.027605024425	163.027605024425	165.680415257809	165.680415257809	165.680415257809	168.386460263288	
171.143214881572	168.386460263288	168.386460263288	168.386460263288	165.680415257809	165.680415257809	163.027605024425	160.430670384437	157.892368403289	155.415571935376	155.415571935376	153.003267938956	148.384635323203	136.41847382228	124.951990780459	123.199025970176	128.73616430514	140.064270961584	148.384635323203	150.658554353877	153.003267938956	155.415571935376	155.415571935376	157.892368403289	157.892368403289	160.430670384437	160.430670384437	163.027605024425	163.027605024425	165.680415257809	165.680415257809	165.680415257809	
168.386460263288	165.680415257809	165.680415257809	165.680415257809	163.027605024425	163.027605024425	160.430670384437	160.430670384437	157.892368403289	155.415571935376	153.003267938956	150.658554353877	144.062486442516	131.673839467071	123.490890352285	124.169239346949	130.299654642674	142.021125189177	148.384635323203	150.658554353877	153.003267938956	153.003267938956	155.415571935376	157.892368403289	157.892368403289	160.430670384437	160.430670384437	163.027605024425	163.027605024425	163.027605024425	165.680415257809	165.680415257809	
165.680415257809	165.680415257809	165.680415257809	163.027605024425	163.027605024425	160.430670384437	160.430670384437	157.892368403289	155.415571935376	153.003267938956	150.658554353877	148.384635323203	138.195513675372	126.846363763413	123	125.928551170892	133.154046127033	144.062486442516	148.384635323203	150.658554353877	153.003267938956	153.003267938956	155.415571935376	156.646097940549	157.892368403289	157.892368403289	160.430670384437	160.430670384437	163.027605024425	163.027605024425	163.027605024425	165.680415257809	
