Channel : 26
127.945300812496	119.94165248153	133.962681370597	137.905764926634	137.207871494313	140.121375956704	137.905764926634	127.632284317096	115.524889093217	124.040316026685	142.835569799683	149.806541913229	152.269497930479	154.796640790425	157.384878562078	160.031246948838	162.732910009008	162.732910009008	165.487159622733	168.291413922398	168.291413922398	171.143214881572	171.143214881572	171.143214881572	171.143214881572	171.143214881572	171.143214881572	171.143214881572	171.143214881572	171.143214881572	171.143214881572	171.143214881572	
140.662717164144	119.507321951419	122.155638429014	136.033084211158	140.121375956704	137.207871494313	134.825813552153	129.653384066904	115.524889093217	119.104995697074	137.29530217746	147.410990092327	152.269497930479	154.796640790425	157.384878562078	160.031246948838	162.732910009008	162.732910009008	165.487159622733	168.291413922398	168.291413922398	171.143214881572	171.143214881572	171.143214881572	171.143214881572	171.143214881572	171.143214881572	171.143214881572	171.143214881572	171.143214881572	169.758652209541	168.386460263288	
147.410990092327	122.776219195738	113.357840487546	130.667517004036	137.440896388229	134.350288425444	134.825813552153	127.318498263214	112.008928215567	118.127050246758	137.29530217746	144.201248260894	152.269497930479	154.796640790425	157.384878562078	160.031246948838	162.732910009008	162.732910009008	165.487159622733	168.291413922398	168.291413922398	171.143214881572	171.143214881572	171.143214881572	171.143214881572	171.143214881572	171.143214881572	171.143214881572	170.449405983125	168.386460263288	168.386460263288	168.386460263288	
149.806541913229	135.151766544134	113.216606555752	120.540449642433	132.280006047777	131.552270980018	134.46932735758	125.099960031968	109.658560997307	113.357840487546	135.151766544134	144.201248260894	149.164338901763	151.74320413119	157.384878562078	160.031246948838	162.732910009008	162.732910009008	165.487159622733	168.291413922398	168.291413922398	171.143214881572	171.143214881572	171.143214881572	171.143214881572	171.143214881572	170.449405983125	168.386460263288	168.386460263288	168.386460263288	168.386460263288	168.386460263288	
152.269497930479	144.201248260894	119.037809119624	111.543713404208	125.099960031968	128.817700647077	131.552270980018	124.201449266907	108.853112036358	110.421918114114	131.764942226679	141.031911282518	149.164338901763	151.74320413119	154.382641511279	157.079597656729	159.831160916762	162.732910009008	165.487159622733	168.291413922398	168.291413922398	171.143214881572	169.070991006737	168.386460263288	168.386460263288	168.386460263288	168.386460263288	168.386460263288	168.386460263288	168.386460263288	168.386460263288	168.386460263288	
151.74320413119	146.649241389105	132.853302555864	112.614386292338	110.136279218067	128.42507543311	128.693434175952	121.037184369102	105.536723466289	108.673823895177	126.24579200908	141.031911282518	146.102703602637	151.74320413119	154.382641511279	157.079597656729	159.831160916762	161.226548682281	162.634559672906	165.487159622733	165.487159622733	168.386460263288	168.386460263288	168.386460263288	168.386460263288	168.386460263288	168.386460263288	168.386460263288	168.386460263288	168.386460263288	168.386460263288	168.386460263288	
154.382641511279	149.164338901763	141.031911282518	118.966381805954	103.043680058507	113.251931550857	124.523090228279	117.923704148063	101.636607578175	104.737767782209	122.873919120373	137.905764926634	146.102703602637	148.734663074886	151.426549851735	156.348968656656	159.831160916762	162.634559672906	162.634559672906	165.487159622733	167.657388742638	168.386460263288	168.386460263288	168.386460263288	168.386460263288	168.386460263288	168.386460263288	168.386460263288	167.026943934205	165.680415257809	165.680415257809	165.680415257809	
157.079597656729	148.734663074886	143.533968105114	135.417871789509	106.480045078879	100.806745806022	115.42096863222	114.86513831446	97.7445650662992	100.806745806022	122.873919120373	134.825813552153	143.087385887086	145.773797371133	151.426549851735	154.175224987674	156.977705423414	159.831160916762	159.831160916762	163.416645419003	167.705098312484	168.386460263288	168.386460263288	166.352036356637	165.680415257809	165.680415257809	165.680415257809	165.680415257809	165.680415257809	165.680415257809	165.680415257809	165.680415257809	
157.079597656729	151.426549851735	146.102703602637	140.463518395347	122.873919120373	100.806745806022	96.1353212924365	101.118742080783	89.0505474435727	97.7445650662992	121.827747249959	131.795295818933	140.121375956704	142.863571283935	148.519359007504	151.320851173921	154.870913989684	159.831160916762	159.831160916762	162.732910009008	165.680415257809	165.680415257809	165.680415257809	165.680415257809	165.680415257809	165.680415257809	165.680415257809	165.680415257809	165.680415257809	165.680415257809	165.680415257809	163.027605024425	
156.977705423414	154.175224987674	145.773797371133	143.087385887086	131.795295818933	109.772492000501	91.0494371207203	81.0061726043145	81.2526922630875	89.9888882029331	115.42096863222	128.817700647077	137.207871494313	142.863571283935	145.663996924429	148.519359007504	154.175224987674	157.079597656729	157.079597656729	160.031246948838	163.027605024425	163.027605024425	163.685674388445	163.027605024425	163.027605024425	163.027605024425	163.027605024425	163.027605024425	163.027605024425	163.027605024425	163.027605024425	163.027605024425	
159.831160916762	156.977705423414	148.519359007504	142.863571283935	134.46932735758	126.150703525585	97.0463806640928	67.0671305484289	49.335585534176	83.4865258589672	114.86513831446	128.693434175952	134.350288425444	140.007142674936	145.773797371133	151.426549851735	151.426549851735	154.382641511279	157.384878562078	160.031246948838	163.027605024425	163.027605024425	163.027605024425	163.027605024425	163.027605024425	163.027605024425	163.027605024425	163.027605024425	163.027605024425	163.027605024425	161.721983663323	160.430670384437	
160.552172205797	157.079597656729	151.320851173921	145.663996924429	140.007142674936	131.552270980018	117.515956363381	74.0945342113708	13.0384048104053	53.0094331227943	111.722871427475	125.896783120142	131.552270980018	139.445329789133	143.087385887086	148.734663074886	148.734663074886	151.74320413119	157.384878562078	158.142340946377	160.430670384437	160.430670384437	160.430670384437	160.430670384437	160.430670384437	160.430670384437	160.430670384437	160.430670384437	160.430670384437	160.430670384437	160.430670384437	160.430670384437	
160.031246948838	157.079597656729	151.426549851735	145.773797371133	140.801278403287	134.46932735758	123.166553901617	99.569071503153	39.1152144312159	39.1152144312159	90.0777441991084	113.004424692133	129.189782877749	134.825813552153	140.463518395347	143.533968105114	149.164338901763	149.164338901763	154.796640790425	157.892368403289	157.892368403289	157.892368403289	157.892368403289	157.892368403289	157.892368403289	157.892368403289	157.892368403289	157.892368403289	157.892368403289	157.892368403289	157.892368403289	157.892368403289	
163.027605024425	158.041133886087	154.382641511279	148.734663074886	143.087385887086	137.440896388229	126.150703525585	102.420701032555	79	60.8111831820431	83.0541991713845	98.7623410010111	113.251931550857	129.807549857472	135.417871789509	141.031911282518	146.649241389105	146.649241389105	152.269497930479	155.415571935376	155.415571935376	155.415571935376	155.415571935376	157.892368403289	157.892368403289	157.892368403289	157.892368403289	157.892368403289	157.892368403289	157.892368403289	157.892368403289	157.892368403289	
160.430670384437	158.902485820707	154.796640790425	151.74320413119	146.102703602637	137.905764926634	127.412715221048	105.342299196477	91.6624241442479	98.4784240328814	100.84641788383	96.8813707582629	99.6092365195116	111.072048689128	128.128841405829	136.242430982422	141.823834386185	147.410990092327	149.843251432956	153.003267938956	153.003267938956	153.003267938956	153.003267938956	155.415571935376	155.415571935376	155.415571935376	155.415571935376	155.415571935376	155.415571935376	155.415571935376	155.415571935376	155.415571935376	
163.517583152394	157.892368403289	154.796640790425	152.269497930479	146.649241389105	141.031911282518	124.169239346949	106.480045078879	100.806745806022	110.679718105893	120.241423810599	113.991227732664	107.563934476199	107.042047812997	113.357840487546	122.776219195738	131.125893705248	140.662717164144	148.384635323203	148.384635323203	150.658554353877	150.658554353877	150.658554353877	150.658554353877	153.003267938956	153.003267938956	153.003267938956	153.003267938956	153.003267938956	153.003267938956	153.003267938956	153.003267938956	
161.027947884831	157.892368403289	155.415571935376	152.269497930479	149.806541913229	141.823834386185	122.155638429014	107.563934476199	107.563934476199	119.201510057549	128.693434175952	128.817700647077	123.422040171114	115.316954521007	112.008928215567	115.212846505934	121.396046064112	126.530628703093	136.41847382228	142.021125189177	146.184814532837	148.384635323203	148.384635323203	148.384635323203	150.658554353877	150.658554353877	150.658554353877	150.658554353877	150.658554353877	150.658554353877	150.658554353877	150.658554353877	
161.027947884831	158.600126103355	155.415571935376	153.003267938956	147.410990092327	138.571281295945	120.208152801713	111	116.077560277601	129.807549857472	132.276226133043	137.207871494313	134.825813552153	135.417871789509	125.706006220864	120.208152801713	120.208152801713	123	124.458828533777	127.094453065427	131.673839467071	135.14806694881	140.064270961584	142.021125189177	146.184814532837	146.184814532837	146.184814532837	148.384635323203	148.384635323203	148.384635323203	148.384635323203	148.384635323203	
158.600126103355	158.600126103355	156.236999459155	150.658554353877	146.184814532837	131.095385120911	120.507261192013	115.974135047432	125.706006220864	137.905764926634	140.121375956704	140.007142674936	140.121375956704	140.463518395347	141.031911282518	139.520607796841	135.118466539552	131.673839467071	125.928551170892	123.490890352285	123	123.490890352285	125.131930377502	127.094453065427	129.034879005639	131.673839467071	133.932818980263	136.41847382228	136.853936735485	138.195513675372	140.064270961584	140.064270961584	
156.821554640936	156.236999459155	153.941547348336	151.716841517348	140.064270961584	127.882758806651	123	122.971541423209	137.29530217746	141.031911282518	143.087385887086	142.863571283935	142.863571283935	148.734663074886	149.164338901763	146.649241389105	147.410990092327	148.384635323203	142.021125189177	136.41847382228	129.034879005639	126.372465355393	124.310096130604	123.199025970176	123	123.199025970176	123.685083983478	124.458828533777	125.131930377502	125.928551170892	126.846363763413	127.094453065427	
156.236999459155	153.941547348336	151.716841517348	145.499140890934	134.082064423248	127.663620503258	124.458828533777	133.154046127033	145.086181285469	146.649241389105	148.734663074886	151.426549851735	151.320851173921	151.426549851735	151.74320413119	152.269497930479	152.269497930479	153.003267938956	150.658554353877	150.658554353877	148.384635323203	144.062486442516	138.195513675372	134.736780427617	130.299654642674	127.882758806651	126.146739949949	125.131930377502	124.458828533777	123.583979544276	123.490890352285	123.199025970176	
153.941547348336	151.716841517348	145.499140890934	136.857590216984	128.724512040248	127.192767089957	132.853302555864	142.021125189177	147.410990092327	152.269497930479	151.74320413119	154.382641511279	154.175224987674	154.175224987674	154.382641511279	157.384878562078	157.892368403289	155.415571935376	155.415571935376	153.003267938956	153.003267938956	150.658554353877	150.658554353877	148.384635323203	146.184814532837	144.062486442516	140.064270961584	138.195513675372	136.41847382228	134.736780427617	133.154046127033	131.673839467071	
148.00337833982	143.589693223434	135.074053763112	129.065874653217	127.035428129321	130.728726758888	141.767415155952	151.716841517348	153.003267938956	155.415571935376	154.796640790425	157.384878562078	159.831160916762	157.686397637843	159.831160916762	160.031246948838	160.430670384437	160.430670384437	157.892368403289	157.892368403289	155.415571935376	155.415571935376	153.003267938956	153.003267938956	153.003267938956	150.658554353877	150.658554353877	150.658554353877	148.384635323203	148.384635323203	148.384635323203	146.184814532837	
138.397976863826	132.853302555864	128.413394939936	127	129.838361049422	138.397976863826	149.566038925954	153.941547348336	158.600126103355	157.892368403289	160.430670384437	160.031246948838	162.732910009008	162.634559672906	165.487159622733	162.732910009008	165.01212076693	163.027605024425	160.430670384437	160.430670384437	157.892368403289	157.892368403289	156.646097940549	155.415571935376	155.415571935376	155.415571935376	153.003267938956	153.003267938956	153.003267938956	153.003267938956	153.003267938956	150.658554353877	
128.565158577276	127.192767089957	127.565669362881	130.96946208945	140.035709731482	149.566038925954	153.941547348336	156.236999459155	161.027947884831	161.027947884831	161.074516916861	163.027605024425	164.939382804714	165.487159622733	168.291413922398	168.386460263288	168.386460263288	165.680415257809	165.680415257809	163.027605024425	163.027605024425	160.430670384437	160.430670384437	160.430670384437	157.892368403289	157.892368403289	157.892368403289	155.415571935376	155.415571935376	155.415571935376	155.415571935376	155.415571935376	
127.192767089957	128.565158577276	133.454111963626	140.459958707099	149.566038925954	153.941547348336	156.236999459155	158.600126103355	161.027947884831	163.517583152394	166.066251839439	165.680415257809	168.386460263288	168.386460263288	168.291413922398	171.143214881572	168.386460263288	168.386460263288	168.386460263288	165.680415257809	165.680415257809	163.027605024425	163.027605024425	163.027605024425	160.430670384437	160.430670384437	160.430670384437	157.892368403289	157.892368403289	157.892368403289	157.892368403289	157.892368403289	
132.853302555864	138.003623140844	145.499140890934	151.716841517348	153.941547348336	156.236999459155	158.600126103355	161.027947884831	163.517583152394	166.066251839439	168.67127793433	168.67127793433	171.330090760497	171.143214881572	173.948268171891	171.143214881572	171.143214881572	171.143214881572	168.386460263288	168.386460263288	168.386460263288	165.680415257809	165.680415257809	165.680415257809	163.027605024425	163.027605024425	163.027605024425	160.430670384437	160.430670384437	160.430670384437	160.430670384437	160.430670384437	
144.059015684545	149.566038925954	151.716841517348	153.941547348336	156.236999459155	158.600126103355	161.027947884831	161.027947884831	163.517583152394	166.066251839439	168.67127793433	171.330090760497	171.330090760497	174.040225235432	173.948268171891	173.948268171891	173.948268171891	171.143214881572	171.143214881572	171.143214881572	168.386460263288	168.386460263288	168.386460263288	165.680415257809	165.680415257809	165.680415257809	165.680415257809	163.027605024425	163.027605024425	163.027605024425	163.027605024425	163.027605024425	
152.266214243344	153.941547348336	156.236999459155	156.236999459155	158.600126103355	161.027947884831	163.517583152394	163.517583152394	166.066251839439	168.67127793433	171.330090760497	171.330090760497	174.040225235432	174.725498997714	176.799321265665	173.948268171891	173.948268171891	173.948268171891	171.840041899436	171.143214881572	171.143214881572	171.143214881572	168.386460263288	168.386460263288	168.386460263288	168.386460263288	165.680415257809	165.680415257809	165.680415257809	165.680415257809	165.680415257809	164.347193465541	
156.236999459155	156.236999459155	158.600126103355	158.600126103355	161.027947884831	163.517583152394	163.517583152394	166.066251839439	168.67127793433	168.67127793433	171.330090760497	174.040225235432	174.040225235432	176.799321265665	176.799321265665	176.799321265665	173.948268171891	173.948268171891	173.948268171891	173.948268171891	171.143214881572	171.143214881572	171.143214881572	171.143214881572	168.386460263288	168.386460263288	168.386460263288	168.386460263288	168.386460263288	167.705098312484	165.680415257809	165.680415257809	
158.600126103355	158.600126103355	161.027947884831	161.027947884831	163.517583152394	163.517583152394	166.066251839439	168.67127793433	168.67127793433	171.330090760497	171.330090760497	174.040225235432	176.799321265665	176.799321265665	176.799321265665	176.799321265665	176.799321265665	176.799321265665	173.948268171891	173.948268171891	173.948268171891	173.948268171891	171.143214881572	171.143214881572	171.143214881572	171.143214881572	171.143214881572	168.386460263288	168.386460263288	168.386460263288	168.386460263288	168.386460263288	
161.027947884831	161.027947884831	162.889533119842	163.517583152394	166.066251839439	166.066251839439	168.67127793433	168.67127793433	171.330090760497	171.330090760497	174.040225235432	176.799321265665	176.799321265665	176.799321265665	176.799321265665	176.799321265665	176.799321265665	176.799321265665	176.799321265665	173.948268171891	173.948268171891	173.948268171891	173.948268171891	173.948268171891	171.143214881572	171.143214881572	171.143214881572	171.143214881572	171.143214881572	171.143214881572	168.386460263288	168.386460263288	
Channel : 23
146.649241389105	127.47548783982	116.558997936667	136.242430982422	143.533968105114	145.773797371133	145.773797371133	146.102703602637	146.649241389105	145.086181285469	132.823190746195	125.514939349864	123.199025970176	129.973074134607	144.062486442516	150.658554353877	153.003267938956	155.415571935376	157.892368403289	157.892368403289	160.430670384437	161.721983663323	163.027605024425	165.680415257809	165.680415257809	168.386460263288	168.386460263288	168.386460263288	171.143214881572	171.143214881572	173.948268171891	173.948268171891	
149.164338901763	139.520607796841	115.212846505934	124.326183887386	137.905764926634	140.121375956704	142.863571283935	143.087385887086	146.649241389105	141.823834386185	131.095385120911	123.794184031399	123.490890352285	130.299654642674	144.062486442516	150.658554353877	153.003267938956	155.415571935376	157.892368403289	157.892368403289	160.430670384437	163.027605024425	163.027605024425	165.680415257809	165.680415257809	168.386460263288	168.386460263288	171.143214881572	171.143214881572	171.143214881572	173.948268171891	173.948268171891	
149.803204238094	144.201248260894	121.433109158911	114.236596587959	135.417871789509	137.440896388229	140.007142674936	143.087385887086	143.533968105114	141.823834386185	129.468142799686	120.507261192013	123.91125856838	131.673839467071	146.184814532837	150.658554353877	153.003267938956	155.415571935376	157.892368403289	157.892368403289	160.430670384437	163.027605024425	163.027605024425	165.680415257809	165.680415257809	168.386460263288	168.386460263288	171.143214881572	171.143214881572	171.840041899436	173.948268171891	173.948268171891	
148.734663074886	143.533968105114	129.653384066904	111.04053313993	124.679589348056	134.825813552153	137.207871494313	140.121375956704	137.905764926634	136.242430982422	124.233650835834	119.603511654132	120.507261192013	130.387882872604	146.184814532837	150.658554353877	153.003267938956	155.415571935376	157.892368403289	158.521291945278	160.430670384437	163.027605024425	163.685674388445	165.680415257809	168.386460263288	168.386460263288	168.386460263288	171.143214881572	171.143214881572	173.948268171891	173.948268171891	173.948268171891	
151.426549851735	146.102703602637	141.031911282518	117.652029306765	111.400179533069	130.418556961807	134.46932735758	137.207871494313	134.825813552153	133.962681370597	121.433109158911	118.207444774007	121.597697346619	132.823190746195	145.086181285469	150.658554353877	153.003267938956	155.415571935376	157.892368403289	160.430670384437	160.430670384437	163.027605024425	165.680415257809	165.680415257809	168.386460263288	168.386460263288	168.386460263288	171.143214881572	171.143214881572	173.948268171891	173.948268171891	173.948268171891	
154.175224987674	148.734663074886	143.533968105114	128.413394939936	107.042047812997	118.701305805791	131.795295818933	131.552270980018	134.825813552153	126.24579200908	115.520560940466	115	122.971541423209	134.647688431699	145.086181285469	149.806541913229	154.806330619907	156.646097940549	157.892368403289	160.430670384437	163.027605024425	163.027605024425	165.680415257809	165.680415257809	168.386460263288	168.386460263288	171.143214881572	171.143214881572	173.948268171891	173.948268171891	173.948268171891	173.948268171891	
154.175224987674	148.519359007504	143.087385887086	137.905764926634	109.110036201992	101.636607578175	123.555655475579	128.693434175952	129.189782877749	118.701305805791	109.658560997307	111.220501707194	121.433109158911	135.151766544134	147.410990092327	149.806541913229	152.269497930479	154.796640790425	157.114607850448	160.430670384437	163.027605024425	163.027605024425	165.680415257809	165.680415257809	168.386460263288	168.386460263288	171.143214881572	171.143214881572	173.948268171891	173.948268171891	173.948268171891	173.948268171891	
157.079597656729	151.320851173921	145.773797371133	137.440896388229	125.099960031968	99.6092365195116	107.823930553472	123.166553901617	123.555655475579	111.364267159624	108.046286377645	112.008928215567	120.933866224478	139.520607796841	144.201248260894	149.806541913229	152.269497930479	154.796640790425	157.384878562078	157.384878562078	160.031246948838	165.680415257809	165.680415257809	168.386460263288	168.386460263288	169.758652209541	171.143214881572	171.840041899436	173.948268171891	173.948268171891	173.948268171891	171.840041899436	
154.382641511279	151.426549851735	145.663996924429	140.121375956704	131.795295818933	107.823930553472	95.2575456328789	107.415082739809	109.808924956034	102.693719379522	103.043680058507	110.353975913875	122.188379152847	138.600144300069	146.649241389105	149.164338901763	151.74320413119	154.796640790425	157.384878562078	160.031246948838	160.031246948838	162.732910009008	164.103625797848	165.487159622733	165.487159622733	168.291413922398	168.291413922398	171.143214881572	171.143214881572	171.143214881572	171.143214881572	171.143214881572	
157.384878562078	153.717272939641	145.773797371133	142.863571283935	137.207871494313	126.150703525585	94.9210198006743	87.2811548961172	99.569071503153	94.1116358374457	99.247166206396	110.136279218067	125.924580602835	137.905764926634	143.533968105114	149.164338901763	151.74320413119	154.382641511279	157.384878562078	160.031246948838	162.732910009008	162.732910009008	165.487159622733	165.487159622733	168.291413922398	168.291413922398	171.143214881572	171.143214881572	171.143214881572	171.143214881572	171.143214881572	171.143214881572	
154.796640790425	151.74320413119	148.734663074886	143.087385887086	137.207871494313	128.693434175952	109.808924956034	75.8023746329889	61.0737259384099	83.3846508657319	93.8616002420585	109.772492000501	129.189782877749	137.440896388229	143.087385887086	148.734663074886	148.734663074886	154.382641511279	157.079597656729	157.079597656729	159.831160916762	165.487159622733	165.487159622733	165.487159622733	168.291413922398	168.291413922398	171.143214881572	171.143214881572	171.143214881572	171.143214881572	171.143214881572	171.143214881572	
155.415571935376	152.269497930479	149.164338901763	146.102703602637	137.440896388229	128.817700647077	120.241423810599	77.987178433381	27.8926513619627	59.0762219509677	95.3414914924242	113.004424692133	128.817700647077	134.46932735758	140.121375956704	145.773797371133	148.519359007504	151.426549851735	154.175224987674	159.831160916762	159.831160916762	162.634559672906	162.634559672906	165.487159622733	165.487159622733	168.386460263288	169.070991006737	169.070991006737	170.449405983125	169.070991006737	169.070991006737	168.386460263288	
154.201167310757	153.003267938956	149.806541913229	146.649241389105	137.905764926634	132.280006047777	116.249731182485	95.3414914924242	35.1283361405006	25.4950975679639	84.9588135510378	117.379725676967	128.693434175952	134.350288425444	140.007142674936	145.663996924429	145.663996924429	151.320851173921	156.272198423136	156.977705423414	159.831160916762	159.831160916762	165.487159622733	165.487159622733	168.386460263288	168.386460263288	168.386460263288	168.386460263288	168.386460263288	168.386460263288	168.386460263288	168.386460263288	
156.236999459155	153.003267938956	147.410990092327	144.201248260894	138.600144300069	126.24579200908	108.337435819757	96.8813707582629	75.8023746329889	50.7740090991444	78.4474346298207	109.201648339208	123.166553901617	134.46932735758	137.207871494313	142.863571283935	145.773797371133	151.426549851735	154.175224987674	157.079597656729	157.079597656729	162.732910009008	162.732910009008	165.680415257809	165.680415257809	165.680415257809	165.680415257809	165.680415257809	167.026943934205	168.386460263288	168.386460263288	168.386460263288	
153.941547348336	152.266214243344	148.384635323203	142.835569799683	133.093951778434	120.540449642433	105.323311759553	99.0454441153151	97.4987179402888	91.9673855233473	89.0505474435727	93.8616002420585	113.991227732664	129.189782877749	134.825813552153	140.463518395347	146.102703602637	148.734663074886	154.382641511279	154.382641511279	157.384878562078	160.031246948838	163.027605024425	163.027605024425	165.680415257809	165.680415257809	165.680415257809	165.680415257809	165.680415257809	165.680415257809	165.680415257809	165.680415257809	
148.00337833982	147.492372684149	140.545366341264	136.41847382228	126.530628703093	117.277448812634	111	105.536723466289	110.276924150069	120.241423810599	110.679718105893	96.8813707582629	100.806745806022	116.764720699362	135.417871789509	138.683091975915	143.533968105114	149.164338901763	150.446003602621	154.796640790425	154.796640790425	160.430670384437	160.430670384437	160.430670384437	163.027605024425	163.027605024425	163.027605024425	163.027605024425	163.027605024425	163.027605024425	163.027605024425	163.027605024425	
140.035709731482	138.397976863826	135.417871789509	127.882758806651	120.507261192013	119	113.357840487546	116.867446279963	124.807852317072	128.817700647077	125.896783120142	115.247559627091	104.086502487114	108.673823895177	120.307938225206	136.242430982422	144.201248260894	146.649241389105	149.806541913229	152.269497930479	157.892368403289	157.892368403289	157.892368403289	160.430670384437	160.430670384437	160.430670384437	160.430670384437	160.430670384437	160.430670384437	161.074516916861	163.027605024425	163.027605024425	
130.728726758888	129.838361049422	128.413394939936	127.192767089957	123.199025970176	121.396046064112	124.233650835834	131.764942226679	134.825813552153	134.46932735758	131.552270980018	131.795295818933	118.701305805791	109.444049632678	111.64676439557	122.776219195738	139.520607796841	145.086181285469	147.410990092327	153.003267938956	153.003267938956	155.415571935376	155.415571935376	157.892368403289	157.892368403289	157.892368403289	157.892368403289	157.892368403289	160.430670384437	160.430670384437	160.430670384437	160.430670384437	
127.035428129321	127	127.192767089957	128.413394939936	128.160056179763	134.736780427617	140.662717164144	144.201248260894	141.992957571846	140.121375956704	140.007142674936	140.121375956704	137.905764926634	131.764942226679	119.104995697074	116	125.227792442413	132.003787824441	146.184814532837	148.384635323203	150.658554353877	150.658554353877	153.003267938956	153.003267938956	155.415571935376	155.415571935376	155.415571935376	155.415571935376	157.892368403289	157.892368403289	157.892368403289	157.892368403289	
129.247823966208	130.495210640084	132.563192478154	135.417871789509	141.767415155952	146.184814532837	147.410990092327	149.806541913229	146.102703602637	145.773797371133	145.663996924429	145.773797371133	146.102703602637	141.031911282518	137.29530217746	127.945300812496	123.199025970176	123.199025970176	129.034879005639	137.74251340817	146.184814532837	148.384635323203	150.658554353877	150.658554353877	153.003267938956	153.003267938956	153.003267938956	153.003267938956	155.415571935376	155.415571935376	155.415571935376	155.415571935376	
139.204884971757	140.459958707099	143.589693223434	149.566038925954	151.716841517348	153.941547348336	153.003267938956	152.269497930479	151.74320413119	151.426549851735	151.320851173921	151.426549851735	148.734663074886	149.164338901763	149.806541913229	145.086181285469	137.74251340817	127.882758806651	123.199025970176	123.91125856838	129.034879005639	134.736780427617	142.021125189177	146.184814532837	148.384635323203	150.658554353877	150.658554353877	150.658554353877	150.658554353877	152.410629550566	153.003267938956	153.003267938956	
150.096635538576	151.716841517348	151.716841517348	153.941547348336	156.236999459155	156.236999459155	155.415571935376	157.892368403289	157.384878562078	157.079597656729	154.175224987674	154.175224987674	154.382641511279	154.796640790425	152.269497930479	153.003267938956	150.658554353877	146.184814532837	133.154046127033	125.928551170892	123.036579926459	123.685083983478	127.349911660747	131.673839467071	138.195513675372	144.062486442516	146.184814532837	148.384635323203	148.384635323203	148.384635323203	150.658554353877	150.658554353877	
153.941547348336	153.941547348336	156.236999459155	156.236999459155	158.600126103355	158.600126103355	161.027947884831	160.430670384437	163.027605024425	160.031246948838	159.831160916762	159.831160916762	157.079597656729	157.384878562078	157.892368403289	155.415571935376	155.415571935376	153.003267938956	148.384635323203	142.021125189177	133.154046127033	126.846363763413	123.490890352285	123.036579926459	124.458828533777	127.612695293219	130.633073913156	134.736780427617	138.195513675372	142.021125189177	144.062486442516	146.184814532837	
156.236999459155	158.003164525271	158.600126103355	158.600126103355	161.027947884831	161.027947884831	163.517583152394	166.066251839439	163.027605024425	162.732910009008	165.487159622733	162.634559672906	162.732910009008	163.027605024425	160.430670384437	157.892368403289	157.892368403289	155.415571935376	153.003267938956	150.658554353877	148.384635323203	142.523682242636	134.736780427617	128.160056179763	124.458828533777	123.199025970176	123.036579926459	123.685083983478	125.131930377502	127.094453065427	129.034879005639	131.673839467071	
160.415086572305	161.027947884831	161.027947884831	161.027947884831	163.517583152394	163.517583152394	166.066251839439	168.67127793433	165.680415257809	168.386460263288	165.487159622733	168.291413922398	168.386460263288	165.680415257809	163.027605024425	163.027605024425	160.430670384437	157.892368403289	155.415571935376	155.415571935376	153.003267938956	150.658554353877	150.658554353877	146.184814532837	140.545366341264	136.41847382228	130.633073913156	127.882758806651	125.319591445233	123.91125856838	123.199025970176	123	
161.027947884831	161.644672043343	163.517583152394	163.517583152394	166.066251839439	166.066251839439	168.67127793433	168.67127793433	171.330090760497	168.386460263288	171.143214881572	171.143214881572	171.143214881572	168.386460263288	165.680415257809	165.01212076693	163.027605024425	160.430670384437	157.892368403289	157.892368403289	155.415571935376	155.415571935376	153.003267938956	150.658554353877	150.658554353877	148.384635323203	146.184814532837	142.523682242636	138.195513675372	133.932818980263	130.299654642674	127.882758806651	
163.517583152394	163.517583152394	166.066251839439	166.066251839439	166.712327078714	168.67127793433	169.331036729833	171.330090760497	172.002906952179	174.040225235432	173.948268171891	173.948268171891	171.143214881572	171.143214881572	168.386460263288	165.680415257809	165.680415257809	163.027605024425	160.430670384437	160.430670384437	157.892368403289	157.892368403289	155.415571935376	155.415571935376	153.003267938956	153.003267938956	150.658554353877	150.658554353877	148.384635323203	148.384635323203	146.184814532837	144.062486442516	
166.066251839439	166.066251839439	168.67127793433	168.67127793433	168.67127793433	171.330090760497	171.330090760497	172.678892746045	174.040225235432	176.799321265665	173.948268171891	173.948268171891	171.143214881572	171.143214881572	168.386460263288	168.386460263288	165.680415257809	165.680415257809	163.027605024425	163.027605024425	160.430670384437	158.521291945278	157.892368403289	156.02884348735	155.415571935376	155.415571935376	153.003267938956	153.003267938956	153.003267938956	150.658554353877	150.658554353877	150.658554353877	
168.67127793433	168.67127793433	168.67127793433	171.330090760497	171.330090760497	171.330090760497	174.040225235432	174.040225235432	176.799321265665	176.799321265665	176.799321265665	173.948268171891	173.948268171891	171.143214881572	171.143214881572	168.386460263288	168.386460263288	165.680415257809	165.680415257809	163.027605024425	163.027605024425	160.430670384437	160.430670384437	157.892368403289	157.892368403289	157.892368403289	155.415571935376	155.415571935376	155.415571935376	154.201167310757	153.003267938956	153.003267938956	
171.330090760497	171.330090760497	171.330090760497	171.330090760497	174.040225235432	174.040225235432	176.799321265665	176.799321265665	176.799321265665	176.799321265665	176.799321265665	173.948268171891	173.948268171891	173.948268171891	171.143214881572	171.143214881572	168.386460263288	168.386460263288	165.680415257809	165.680415257809	163.027605024425	163.027605024425	163.027605024425	160.430670384437	160.430670384437	157.892368403289	157.892368403289	157.892368403289	156.02884348735	155.415571935376	155.415571935376	155.415571935376	
171.330090760497	171.330090760497	174.040225235432	174.040225235432	174.040225235432	176.799321265665	176.799321265665	176.799321265665	176.799321265665	176.799321265665	176.799321265665	176.799321265665	173.948268171891	173.948268171891	171.143214881572	171.143214881572	171.143214881572	168.386460263288	168.386460263288	165.680415257809	165.680415257809	165.680415257809	163.027605024425	163.027605024425	160.430670384437	160.430670384437	160.430670384437	160.430670384437	157.892368403289	157.892368403289	157.892368403289	157.892368403289	
174.040225235432	174.040225235432	174.040225235432	176.799321265665	176.799321265665	176.799321265665	176.799321265665	176.799321265665	176.799321265665	176.799321265665	176.799321265665	176.799321265665	173.948268171891	173.948268171891	173.948268171891	171.143214881572	171.143214881572	171.143214881572	168.386460263288	168.386460263288	165.680415257809	165.680415257809	165.680415257809	163.027605024425	163.027605024425	163.027605024425	160.430670384437	160.430670384437	160.430670384437	160.430670384437	157.892368403289	157.892368403289	
Channel : 20
148.734663074886	143.533968105114	129.251692445399	115.524889093217	139.520607796841	143.533968105114	148.734663074886	154.175224987674	154.175224987674	154.382641511279	154.796640790425	157.114607850448	155.415571935376	153.003267938956	150.658554353877	148.384635323203	140.545366341264	131.673839467071	124.458828533777	123	126.372465355393	133.154046127033	144.062486442516	148.384635323203	150.658554353877	153.003267938956	155.415571935376	155.415571935376	157.892368403289	157.892368403289	160.430670384437	160.430670384437	
151.426549851735	146.102703602637	136.242430982422	115.524889093217	127.632284317096	141.031911282518	146.75489770362	148.519359007504	154.175224987674	154.382641511279	154.796640790425	153.525242224202	155.415571935376	153.003267938956	150.658554353877	146.184814532837	138.195513675372	129.034879005639	123.583979544276	123.199025970176	127.882758806651	136.41847382228	146.184814532837	148.384635323203	150.658554353877	153.003267938956	155.415571935376	155.415571935376	157.892368403289	157.892368403289	160.430670384437	160.430670384437	
151.320851173921	148.734663074886	141.031911282518	119.037809119624	116.387284528852	138.600144300069	146.102703602637	145.773797371133	148.519359007504	151.426549851735	151.74320413119	152.269497930479	149.806541913229	153.003267938956	148.384635323203	142.021125189177	133.540256102795	126.605687076055	123.065023463208	124.169239346949	130.299654642674	140.064270961584	148.384635323203	150.658554353877	153.003267938956	153.003267938956	155.415571935376	157.892368403289	157.892368403289	157.892368403289	160.430670384437	160.430670384437	
151.426549851735	148.519359007504	142.762039772483	131.764942226679	111.04053313993	131.764942226679	140.463518395347	145.773797371133	146.372811683044	148.734663074886	151.74320413119	152.269497930479	149.806541913229	150.658554353877	146.184814532837	138.195513675372	130.299654642674	124.458828533777	123.036579926459	125.928551170892	133.154046127033	144.062486442516	148.384635323203	150.658554353877	153.003267938956	155.415571935376	155.415571935376	157.892368403289	157.892368403289	160.430670384437	160.430670384437	160.430670384437	
151.426549851735	148.519359007504	143.087385887086	137.905764926634	110.353975913875	113.885907820063	137.905764926634	140.121375956704	142.863571283935	145.773797371133	146.102703602637	146.649241389105	149.806541913229	145.086181285469	142.021125189177	133.154046127033	126.846363763413	123.199025970176	123.91125856838	129.034879005639	138.195513675372	146.184814532837	150.658554353877	153.003267938956	153.003267938956	155.415571935376	157.892368403289	157.892368403289	157.892368403289	160.430670384437	160.430670384437	163.027605024425	
151.74320413119	148.519359007504	142.863571283935	137.440896388229	122.188379152847	107.228727494082	127.412715221048	137.440896388229	140.007142674936	140.121375956704	146.102703602637	146.649241389105	147.410990092327	142.835569799683	136.41847382228	128.444540561287	124.458828533777	123.016259087976	125.928551170892	132.034086507992	143.031465069753	148.384635323203	150.658554353877	153.003267938956	155.415571935376	155.415571935376	157.892368403289	157.892368403289	160.430670384437	160.430670384437	163.027605024425	163.027605024425	
152.269497930479	148.734663074886	142.863571283935	140.121375956704	132.280006047777	105.536723466289	113.216606555752	130.483715459056	134.350288425444	140.121375956704	140.463518395347	141.031911282518	141.823834386185	136.565002837477	126.530628703093	124.615408357073	123.036579926459	123.91125856838	129.340635532689	138.195513675372	147.827602294024	150.658554353877	153.003267938956	153.003267938956	155.415571935376	157.892368403289	157.892368403289	160.430670384437	160.430670384437	160.430670384437	163.027605024425	163.027605024425	
151.647617851386	149.164338901763	145.773797371133	140.007142674936	134.46932735758	115.247559627091	99.6092365195116	118.600168633944	131.552270980018	134.46932735758	134.825813552153	138.600144300069	135.151766544134	125.80143083447	122.024587686253	119.205704561485	123.490890352285	126.846363763413	134.736780427617	144.062486442516	148.384635323203	150.658554353877	153.003267938956	155.415571935376	156.02884348735	157.892368403289	157.892368403289	160.430670384437	160.430670384437	163.027605024425	163.027605024425	165.680415257809	
153.003267938956	148.222805262888	146.102703602637	140.121375956704	134.350288425444	126.150703525585	97.7445650662992	102.693719379522	125.896783120142	128.817700647077	129.189782877749	127.863208156217	122.155638429014	118.359621493143	119.205704561485	119.507321951419	122.971541423209	133.154046127033	142.021125189177	148.384635323203	150.658554353877	153.003267938956	155.415571935376	155.415571935376	157.892368403289	157.892368403289	160.430670384437	160.430670384437	163.027605024425	163.027605024425	165.680415257809	165.680415257809	
148.384635323203	147.410990092327	146.649241389105	140.463518395347	134.46932735758	128.693434175952	108.452754690695	91.0494371207203	112.294256309038	117.515956363381	116.249731182485	114.934764105557	111.126054550677	111.543713404208	115.524889093217	122.971541423209	127.945300812496	136.565002837477	145.086181285469	150.658554353877	153.003267938956	155.415571935376	155.415571935376	157.892368403289	157.892368403289	160.430670384437	160.430670384437	163.027605024425	163.027605024425	165.680415257809	165.680415257809	165.680415257809	
140.064270961584	144.062486442516	141.823834386185	138.600144300069	134.825813552153	128.817700647077	117.379725676967	88.6002257333467	81.0061726043145	101.833196944808	100.647901120689	101.636607578175	103.077640640442	111.543713404208	118.296238317201	127.47548783982	135.151766544134	145.086181285469	147.410990092327	149.806541913229	155.415571935376	155.415571935376	157.892368403289	157.892368403289	160.430670384437	160.430670384437	163.027605024425	163.027605024425	165.680415257809	165.680415257809	165.680415257809	168.386460263288	
132.853302555864	133.540256102795	134.647688431699	133.600149700515	128.413394939936	121.827747249959	113.004424692133	89.2748564826626	47.0956473572665	66.6483308118065	88.283633817373	95	102.771591405407	113.547346952714	125.706006220864	133.962681370597	141.823834386185	144.201248260894	149.806541913229	152.269497930479	152.269497930479	154.796640790425	157.892368403289	160.430670384437	160.430670384437	163.027605024425	163.027605024425	165.680415257809	165.680415257809	165.680415257809	168.386460263288	168.386460263288	
127.192767089957	128.413394939936	126.372465355393	124.040316026685	117.652029306765	113.885907820063	100.881118153994	92.0489000477464	40.5215991787096	19	76.4852927038918	96.1353212924365	107.823930553472	119.540788018149	133.06013678033	137.905764926634	143.533968105114	146.649241389105	149.164338901763	154.796640790425	154.796640790425	157.384878562078	157.384878562078	160.031246948838	163.027605024425	163.685674388445	165.680415257809	165.680415257809	168.386460263288	168.386460263288	168.386460263288	168.386460263288	
128.413394939936	127.192767089957	123	119.205704561485	115.212846505934	111.220501707194	103.043680058507	95.0473566176356	76.4852927038918	30.886890422961	58.0517010948	101.833196944808	117.923704148063	126.150703525585	134.063417829026	137.440896388229	143.087385887086	146.102703602637	151.74320413119	151.74320413119	154.382641511279	157.384878562078	160.031246948838	160.031246948838	162.732910009008	162.732910009008	162.732910009008	168.386460263288	168.386460263288	168.386460263288	171.143214881572	171.143214881572	
136.857590216984	133.454111963626	130.728726758888	125.928551170892	121.202310209006	114.236596587959	111.400179533069	106.404887105809	104.316825105062	83.6301381082203	75.0266619276108	97.9438614717635	120.241423810599	128.693434175952	134.350288425444	137.207871494313	142.863571283935	145.773797371133	151.426549851735	151.426549851735	157.079597656729	157.079597656729	159.831160916762	162.732910009008	162.732910009008	165.487159622733	165.487159622733	165.487159622733	165.487159622733	168.291413922398	168.291413922398	168.291413922398	
149.566038925954	145.499140890934	141.767415155952	136.41847382228	132.823190746195	129.251692445399	124.169239346949	125.099960031968	123.555655475579	117.379725676967	97.4987179402888	92.2279784013506	113.991227732664	128.817700647077	134.46932735758	137.207871494313	142.863571283935	145.663996924429	150.615404258661	154.175224987674	154.870913989684	157.686397637843	159.831160916762	162.634559672906	162.634559672906	165.487159622733	165.487159622733	168.291413922398	168.291413922398	168.291413922398	171.143214881572	171.143214881572	
153.941547348336	151.716841517348	151.716841517348	148.384635323203	145.086181285469	141.823834386185	138.600144300069	137.905764926634	132.457540366715	128.693434175952	116.249731182485	100.129915609672	103.740059764779	124.201449266907	134.825813552153	137.440896388229	143.087385887086	145.773797371133	148.519359007504	154.175224987674	154.175224987674	159.831160916762	159.831160916762	162.634559672906	162.634559672906	165.487159622733	165.487159622733	165.487159622733	171.143214881572	171.143214881572	171.143214881572	171.143214881572	
156.236999459155	156.236999459155	156.236999459155	156.236999459155	153.003267938956	149.806541913229	146.649241389105	140.463518395347	140.121375956704	134.350288425444	131.795295818933	114.127122105133	103.237590053236	113.885907820063	133.003759345366	137.905764926634	143.533968105114	146.102703602637	148.734663074886	154.382641511279	154.382641511279	157.079597656729	160.031246948838	162.732910009008	162.732910009008	163.465592709903	168.386460263288	168.386460263288	168.386460263288	168.386460263288	168.386460263288	168.386460263288	
158.600126103355	158.600126103355	158.600126103355	158.600126103355	155.415571935376	152.269497930479	149.164338901763	148.734663074886	145.773797371133	142.863571283935	137.440896388229	135.417871789509	116.867446279963	111.04053313993	117.98728745081	133.962681370597	144.201248260894	146.649241389105	149.164338901763	151.74320413119	154.796640790425	157.384878562078	160.430670384437	163.027605024425	163.027605024425	165.680415257809	165.680415257809	165.680415257809	165.680415257809	167.026943934205	168.386460263288	168.386460263288	
161.027947884831	161.027947884831	161.027947884831	161.027947884831	160.240444332884	157.892368403289	155.438090569847	154.382641511279	151.426549851735	148.519359007504	145.773797371133	143.533968105114	136.242430982422	121.433109158911	115.004347743901	121.433109158911	135.151766544134	145.086181285469	147.410990092327	149.806541913229	155.415571935376	157.892368403289	157.892368403289	160.430670384437	160.430670384437	163.027605024425	163.027605024425	163.027605024425	165.680415257809	165.680415257809	165.680415257809	165.680415257809	
163.517583152394	163.517583152394	163.517583152394	163.517583152394	163.517583152394	160.430670384437	160.031246948838	160.031246948838	154.175224987674	154.175224987674	151.426549851735	149.164338901763	146.649241389105	139.520607796841	125.227792442413	123	126.846363763413	138.65424623862	148.384635323203	150.658554353877	153.003267938956	155.415571935376	155.415571935376	157.892368403289	157.892368403289	160.430670384437	160.430670384437	160.430670384437	163.027605024425	163.027605024425	163.027605024425	163.027605024425	
166.066251839439	166.066251839439	166.066251839439	166.066251839439	166.066251839439	163.027605024425	165.680415257809	162.732910009008	159.831160916762	159.831160916762	154.382641511279	151.74320413119	152.269497930479	147.410990092327	144.062486442516	129.034879005639	123.065023463208	125.928551170892	136.41847382228	146.184814532837	150.658554353877	150.658554353877	153.003267938956	155.415571935376	155.415571935376	157.892368403289	157.892368403289	157.892368403289	160.430670384437	160.430670384437	160.430670384437	160.430670384437	
168.67127793433	168.67127793433	168.67127793433	168.67127793433	168.67127793433	168.67127793433	168.386460263288	165.487159622733	162.634559672906	162.732910009008	160.031246948838	157.384878562078	157.892368403289	155.415571935376	150.658554353877	144.062486442516	130.299654642674	123.490890352285	124.458828533777	131.673839467071	144.062486442516	148.384635323203	150.658554353877	150.658554353877	153.003267938956	155.415571935376	155.415571935376	155.415571935376	157.892368403289	157.892368403289	157.892368403289	157.892368403289	
171.330090760497	171.330090760497	171.330090760497	171.330090760497	171.330090760497	171.330090760497	168.386460263288	171.143214881572	168.291413922398	166.93112352105	165.680415257809	163.027605024425	160.430670384437	155.415571935376	153.003267938956	150.658554353877	146.184814532837	131.673839467071	123.91125856838	123.259888041487	129.034879005639	138.195513675372	146.184814532837	148.384635323203	150.658554353877	150.658554353877	153.003267938956	153.003267938956	155.415571935376	155.415571935376	155.415571935376	157.892368403289	
171.330090760497	171.330090760497	171.330090760497	174.040225235432	174.040225235432	174.040225235432	171.863317784802	173.948268171891	171.143214881572	168.386460263288	168.386460263288	165.680415257809	163.027605024425	159.790487827029	155.415571935376	153.003267938956	150.658554353877	148.384635323203	136.41847382228	126.846363763413	123.036579926459	124.458828533777	130.299654642674	138.195513675372	146.184814532837	148.384635323203	150.658554353877	150.658554353877	150.658554353877	153.003267938956	153.003267938956	153.003267938956	
174.040225235432	174.040225235432	174.040225235432	174.040225235432	176.799321265665	176.799321265665	176.799321265665	173.948268171891	171.143214881572	171.143214881572	168.386460263288	165.680415257809	163.027605024425	160.430670384437	157.892368403289	155.415571935376	153.003267938956	150.658554353877	148.384635323203	138.195513675372	128.444540561287	123.91125856838	123.199025970176	125.928551170892	131.673839467071	140.064270961584	146.184814532837	148.384635323203	148.384635323203	150.658554353877	150.658554353877	150.658554353877	
176.799321265665	176.799321265665	176.799321265665	176.799321265665	176.799321265665	176.799321265665	176.799321265665	173.948268171891	173.948268171891	171.143214881572	168.386460263288	168.386460263288	165.680415257809	163.027605024425	160.430670384437	157.892368403289	155.415571935376	153.003267938956	150.658554353877	148.384635323203	142.021125189177	131.673839467071	125.928551170892	123.199025970176	123.91125856838	126.846363763413	131.673839467071	138.195513675372	144.062486442516	146.184814532837	148.384635323203	148.384635323203	
176.799321265665	176.799321265665	176.799321265665	176.799321265665	176.799321265665	176.799321265665	176.799321265665	173.948268171891	173.948268171891	171.143214881572	169.758652209541	168.386460263288	165.680415257809	163.027605024425	160.430670384437	160.430670384437	157.892368403289	155.415571935376	153.003267938956	150.658554353877	148.384635323203	144.062486442516	135.988970140964	128.444540561287	124.036285013701	123	123.91125856838	126.846363763413	131.673839467071	136.41847382228	142.021125189177	144.062486442516	
176.799321265665	176.799321265665	176.799321265665	176.799321265665	176.799321265665	176.799321265665	176.799321265665	173.948268171891	173.948268171891	171.143214881572	171.143214881572	168.386460263288	165.680415257809	165.680415257809	163.027605024425	160.430670384437	157.892368403289	157.892368403289	155.415571935376	153.003267938956	153.003267938956	150.658554353877	147.827602294024	140.545366341264	133.154046127033	127.349911660747	123.91125856838	123.036579926459	123.490890352285	125.319591445233	129.034879005639	131.673839467071	
176.799321265665	176.799321265665	176.799321265665	176.799321265665	176.799321265665	176.799321265665	176.799321265665	173.948268171891	173.948268171891	171.143214881572	171.143214881572	168.386460263288	168.386460263288	165.680415257809	163.027605024425	163.027605024425	160.430670384437	157.892368403289	155.415571935376	155.415571935376	153.003267938956	153.003267938956	150.658554353877	148.384635323203	144.062486442516	136.41847382228	130.299654642674	126.605687076055	123.91125856838	123.036579926459	123.199025970176	124.458828533777	
176.799321265665	176.799321265665	176.799321265665	176.799321265665	176.799321265665	176.799321265665	176.799321265665	173.948268171891	173.948268171891	171.143214881572	171.143214881572	168.386460263288	168.386460263288	165.680415257809	164.347193465541	163.027605024425	160.430670384437	160.430670384437	157.892368403289	155.415571935376	155.415571935376	153.003267938956	153.003267938956	150.658554353877	148.384635323203	146.184814532837	141.523849580203	136.41847382228	130.299654642674	126.846363763413	124.458828533777	123.199025970176	
176.799321265665	176.799321265665	176.799321265665	176.799321265665	176.799321265665	176.799321265665	176.799321265665	173.948268171891	173.948268171891	171.143214881572	171.143214881572	168.386460263288	168.386460263288	165.680415257809	165.680415257809	163.027605024425	163.027605024425	160.430670384437	157.892368403289	157.892368403289	155.415571935376	155.415571935376	153.003267938956	153.003267938956	150.658554353877	150.658554353877	148.384635323203	146.184814532837	140.064270961584	134.736780427617	130.299654642674	127.882758806651	
Channel : 17
151.426549851735	152.108513897152	146.102703602637	141.823834386185	119.205704561485	132.823190746195	147.410990092327	152.269497930479	157.384878562078	162.732910009008	165.487159622733	167.58579892103	165.487159622733	168.386460263288	165.680415257809	165.680415257809	165.680415257809	163.027605024425	160.430670384437	160.430670384437	157.892368403289	157.892368403289	155.415571935376	155.415571935376	153.003267938956	150.658554353877	150.658554353877	148.384635323203	141.523849580203	134.736780427617	128.160056179763	124.458828533777	
151.74320413119	151.320851173921	148.734663074886	144.201248260894	122.971541423209	125.227792442413	147.410990092327	152.269497930479	157.384878562078	160.031246948838	165.487159622733	162.634559672906	165.487159622733	165.680415257809	165.680415257809	165.680415257809	163.027605024425	163.027605024425	160.430670384437	159.790487827029	157.892368403289	155.415571935376	155.415571935376	153.003267938956	153.003267938956	150.658554353877	148.384635323203	144.062486442516	137.74251340817	130.633073913156	125.928551170892	123.490890352285	
149.164338901763	151.426549851735	148.519359007504	143.533968105114	129.251692445399	119.507321951419	142.835569799683	149.806541913229	154.796640790425	157.079597656729	159.831160916762	162.634559672906	162.732910009008	162.732910009008	165.680415257809	163.027605024425	163.027605024425	160.430670384437	160.430670384437	157.892368403289	157.892368403289	155.415571935376	155.415571935376	153.003267938956	150.658554353877	148.384635323203	146.184814532837	140.064270961584	133.154046127033	127.882758806651	124.036285013701	123	
149.806541913229	148.734663074886	145.663996924429	143.087385887086	136.242430982422	115.524889093217	129.251692445399	144.201248260894	149.803204238094	154.382641511279	159.831160916762	159.831160916762	162.732910009008	162.732910009008	163.027605024425	163.027605024425	160.430670384437	160.430670384437	157.892368403289	157.892368403289	155.415571935376	155.415571935376	153.003267938956	153.003267938956	150.658554353877	148.384635323203	142.021125189177	135.14806694881	129.034879005639	125.131930377502	123.146254510643	123.259888041487	
147.410990092327	149.164338901763	145.773797371133	142.863571283935	137.905764926634	117.652029306765	115.247559627091	138.600144300069	146.102703602637	148.734663074886	154.175224987674	156.977705423414	159.831160916762	160.031246948838	160.031246948838	160.430670384437	160.430670384437	157.892368403289	157.892368403289	155.415571935376	155.415571935376	153.003267938956	153.003267938956	150.658554353877	148.384635323203	144.062486442516	136.41847382228	130.299654642674	125.514939349864	123.259888041487	123.199025970176	125.131930377502	
144.062486442516	147.434731322033	146.102703602637	142.863571283935	137.440896388229	126.24579200908	111.220501707194	131.764942226679	143.533968105114	148.734663074886	152.793978938962	154.175224987674	157.079597656729	160.031246948838	157.384878562078	160.430670384437	157.892368403289	157.892368403289	155.415571935376	155.415571935376	153.003267938956	153.003267938956	150.658554353877	148.384635323203	144.062486442516	137.29530217746	130.299654642674	126.146739949949	123.490890352285	123.036579926459	124.458828533777	127.882758806651	
132.034086507992	145.086181285469	143.533968105114	143.087385887086	137.207871494313	134.182711255959	108.673823895177	115.316954521007	137.905764926634	143.087385887086	148.519359007504	151.320851173921	151.426549851735	154.382641511279	155.438090569847	154.796640790425	157.892368403289	155.415571935376	155.415571935376	153.003267938956	153.003267938956	150.658554353877	148.384635323203	144.062486442516	136.41847382228	130.299654642674	125.928551170892	123.490890352285	123.036579926459	124.458828533777	128.160056179763	133.154046127033	
128.269248068272	134.736780427617	141.823834386185	140.463518395347	137.207871494313	134.46932735758	113.216606555752	104.737767782209	132.280006047777	137.440896388229	142.863571283935	148.519359007504	149.402141885583	151.74320413119	154.796640790425	152.269497930479	155.415571935376	155.415571935376	153.003267938956	153.003267938956	150.658554353877	148.384635323203	142.523682242636	136.41847382228	130.299654642674	125.928551170892	123.490890352285	123.036579926459	124.458828533777	127.882758806651	133.154046127033	139.588681489582	
128.132743668432	124.458828533777	131.095385120911	136.242430982422	137.440896388229	131.552270980018	121.037184369102	99.6092365195116	117.345643293648	131.795295818933	137.207871494313	142.863571283935	145.773797371133	146.102703602637	149.164338901763	152.269497930479	149.806541913229	153.003267938956	150.658554353877	148.384635323203	146.184814532837	140.064270961584	133.154046127033	127.882758806651	124.458828533777	123.065023463208	123.490890352285	125.319591445233	130.299654642674	135.14806694881	142.021125189177	146.184814532837	
135.768184785685	123.490890352285	121.202310209006	125.80143083447	131.244047484067	131.795295818933	125.896783120142	102.693719379522	101.242283656583	126.150703525585	132.943597062815	137.207871494313	143.087385887086	143.533968105114	146.649241389105	149.806541913229	147.410990092327	145.660564326794	146.727638841494	142.021125189177	136.41847382228	130.299654642674	126.146739949949	123.91125856838	123	123.91125856838	126.846363763413	130.633073913156	136.41847382228	144.062486442516	148.384635323203	150.658554353877	
149.566038925954	136.857590216984	123.794184031399	115.524889093217	117.652029306765	118.701305805791	120.507261192013	110.421918114114	91.2688336728371	113.004424692133	125.896783120142	128.817700647077	134.825813552153	137.905764926634	138.600144300069	141.823834386185	142.835569799683	138.571281295945	136.41847382228	130.633073913156	126.846363763413	124.036285013701	123.036579926459	123.405834546021	125.319591445233	129.034879005639	134.736780427617	140.064270961584	146.184814532837	148.384635323203	150.658554353877	151.238222681966	
153.941547348336	149.566038925954	133.154046127033	121.202310209006	111.04053313993	109.444049632678	104.27847332983	105.118980208143	70.8378429936994	81.0061726043145	111.865991257397	118.697093477473	124.201449266907	128.413394939936	129.653384066904	129.251692445399	129.468142799686	125.542821379799	123.97580409096	124.036285013701	123.036579926459	123.199025970176	124.951990780459	127.882758806651	133.154046127033	138.195513675372	144.062486442516	148.384635323203	150.658554353877	150.658554353877	153.003267938956	153.003267938956	
158.600126103355	156.236999459155	148.384635323203	136.565002837477	121.757956618859	111.628849317728	103	91.6624241442479	59.6154342431555	27.8926513619627	77.4725757929863	92.6984358012583	99.929975482835	107.563934476199	109.881754627418	112.614386292338	115.524889093217	119.037809119624	119.205704561485	124.169239346949	126.846363763413	130.299654642674	134.736780427617	140.064270961584	146.184814532837	148.384635323203	150.658554353877	150.658554353877	153.003267938956	153.003267938956	155.415571935376	155.415571935376	
161.027947884831	158.600126103355	153.003267938956	147.410990092327	139.520607796841	125.706006220864	111.6154111223	98.7623410010111	80.4114419718985	20.2484567313166	41.1096095821889	83.0541991713845	95.0473566176356	99.247166206396	107.563934476199	112.008928215567	117.277448812634	119.104995697074	125.227792442413	129.468142799686	134.647688431699	142.021125189177	146.184814532837	148.384635323203	150.658554353877	152.410629550566	153.003267938956	153.003267938956	155.415571935376	155.415571935376	157.892368403289	157.892368403289	
163.517583152394	161.027947884831	158.600126103355	155.415571935376	149.806541913229	141.820308841858	135.417871789509	122.413234578619	110.679718105893	75.0066663703967	52.1727898429823	81.8413098624405	98.8837701546619	107.354552767919	114.934764105557	122.188379152847	127.632284317096	135.151766544134	137.29530217746	145.086181285469	145.086181285469	147.410990092327	151.82226450689	153.003267938956	153.003267938956	155.415571935376	155.415571935376	155.415571935376	157.892368403289	157.892368403289	157.892368403289	160.430670384437	
166.066251839439	163.517583152394	161.027947884831	157.892368403289	152.269497930479	149.164338901763	140.463518395347	137.440896388229	128.817700647077	117.515956363381	88.283633817373	91.706052144883	117.379725676967	123.166553901617	129.189782877749	134.825813552153	137.905764926634	141.031911282518	144.201248260894	146.649241389105	149.806541913229	149.806541913229	152.269497930479	155.415571935376	155.415571935376	157.892368403289	157.892368403289	157.892368403289	160.430670384437	160.430670384437	160.430670384437	160.430670384437	
168.67127793433	166.066251839439	163.517583152394	160.430670384437	154.796640790425	151.74320413119	146.102703602637	140.121375956704	134.350288425444	128.817700647077	102.693719379522	95.6347217280419	113.004424692133	125.896783120142	131.552270980018	134.46932735758	140.121375956704	143.087385887086	146.102703602637	149.164338901763	149.164338901763	154.796640790425	154.796640790425	154.796640790425	155.56670594957	160.430670384437	160.430670384437	160.430670384437	160.430670384437	163.027605024425	163.027605024425	163.027605024425	
171.330090760497	168.67127793433	168.67127793433	163.027605024425	163.027605024425	157.384878562078	151.426549851735	148.519359007504	140.007142674936	134.46932735758	119.540788018149	100.129915609672	106.404887105809	126.65701717631	134.46932735758	137.207871494313	140.007142674936	142.863571283935	145.773797371133	148.734663074886	154.382641511279	154.382641511279	157.384878562078	157.384878562078	157.384878562078	160.031246948838	163.027605024425	163.027605024425	163.027605024425	165.680415257809	165.680415257809	165.680415257809	
171.330090760497	171.330090760497	171.330090760497	168.67127793433	165.680415257809	162.732910009008	157.079597656729	154.175224987674	148.519359007504	143.087385887086	137.905764926634	116.867446279963	107.228727494082	120.307938225206	134.316789717444	140.463518395347	143.087385887086	145.773797371133	148.519359007504	151.320851173921	154.175224987674	157.079597656729	157.079597656729	157.079597656729	162.732910009008	162.732910009008	162.732910009008	162.732910009008	163.465592709903	166.352036356637	168.386460263288	168.386460263288	
174.040225235432	174.040225235432	171.330090760497	171.330090760497	168.386460263288	165.487159622733	159.831160916762	156.977705423414	151.426549851735	148.734663074886	143.533968105114	131.764942226679	112.614386292338	114.236596587959	133.962681370597	141.031911282518	143.533968105114	146.102703602637	148.734663074886	151.426549851735	154.175224987674	156.977705423414	156.977705423414	161.928996785628	162.634559672906	165.487159622733	165.487159622733	165.487159622733	165.487159622733	165.487159622733	165.487159622733	168.315180539368	
176.799321265665	176.799321265665	174.040225235432	174.040225235432	171.143214881572	168.291413922398	162.634559672906	159.831160916762	157.079597656729	151.74320413119	149.164338901763	144.201248260894	125.80143083447	118.038129432824	124.233650835834	139.520607796841	144.201248260894	146.649241389105	151.092686785297	151.74320413119	154.382641511279	157.079597656729	159.831160916762	161.276160668587	165.487159622733	165.487159622733	165.487159622733	166.883192682786	168.291413922398	168.291413922398	168.291413922398	171.143214881572	
176.799321265665	176.799321265665	176.799321265665	176.799321265665	173.948268171891	171.143214881572	168.291413922398	165.487159622733	160.031246948838	157.384878562078	152.269497930479	149.806541913229	144.062486442516	125.928551170892	124.458828533777	136.41847382228	145.086181285469	147.410990092327	154.625353677849	153.05227865014	157.892368403289	160.430670384437	163.027605024425	163.027605024425	165.680415257809	165.680415257809	168.386460263288	168.386460263288	168.386460263288	168.386460263288	171.143214881572	171.143214881572	
176.799321265665	176.799321265665	176.799321265665	176.799321265665	173.948268171891	173.948268171891	171.143214881572	168.386460263288	165.680415257809	160.430670384437	157.892368403289	153.003267938956	150.658554353877	134.736780427617	123.199025970176	126.846363763413	140.064270961584	148.384635323203	150.658554353877	154.806330619907	155.415571935376	157.892368403289	160.430670384437	160.430670384437	163.027605024425	165.680415257809	165.680415257809	165.680415257809	168.386460263288	168.386460263288	168.386460263288	168.386460263288	
176.799321265665	176.799321265665	176.799321265665	176.799321265665	173.948268171891	173.948268171891	171.143214881572	168.386460263288	165.680415257809	163.027605024425	157.892368403289	155.415571935376	153.003267938956	144.062486442516	126.846363763413	123.199025970176	129.034879005639	144.062486442516	150.658554353877	151.82226450689	155.415571935376	155.415571935376	157.892368403289	160.430670384437	160.430670384437	163.027605024425	163.027605024425	165.680415257809	165.680415257809	165.680415257809	166.352036356637	168.386460263288	
176.799321265665	176.799321265665	176.799321265665	176.799321265665	173.948268171891	173.948268171891	171.143214881572	168.386460263288	165.680415257809	163.027605024425	160.430670384437	155.415571935376	153.003267938956	150.658554353877	136.41847382228	124.458828533777	123.490890352285	130.973279717658	144.062486442516	148.384635323203	150.658554353877	153.003267938956	155.415571935376	157.892368403289	157.892368403289	160.430670384437	160.430670384437	163.027605024425	163.027605024425	163.027605024425	165.680415257809	165.680415257809	
176.799321265665	176.799321265665	176.799321265665	176.799321265665	173.948268171891	171.143214881572	171.143214881572	168.386460263288	165.680415257809	163.027605024425	160.430670384437	157.892368403289	155.415571935376	150.658554353877	144.062486442516	129.034879005639	123.328828746567	125.131930377502	135.14806694881	146.184814532837	150.658554353877	150.658554353877	153.003267938956	155.415571935376	157.892368403289	157.892368403289	159.154013458662	160.430670384437	160.430670384437	163.027605024425	163.027605024425	163.027605024425	
176.799321265665	176.799321265665	176.799321265665	173.948268171891	173.948268171891	171.143214881572	171.143214881572	168.386460263288	165.680415257809	163.027605024425	160.430670384437	157.892368403289	155.415571935376	153.003267938956	148.384635323203	136.41847382228	126.846363763413	123	127.882758806651	138.195513675372	146.727638841494	150.658554353877	150.658554353877	153.003267938956	155.415571935376	155.415571935376	157.892368403289	157.892368403289	160.430670384437	160.430670384437	160.430670384437	162.373027316731	
176.799321265665	176.799321265665	176.799321265665	173.948268171891	173.948268171891	171.143214881572	171.143214881572	168.386460263288	165.680415257809	163.027605024425	160.430670384437	157.892368403289	155.415571935376	153.003267938956	150.658554353877	144.062486442516	131.673839467071	123.91125856838	123.91125856838	130.299654642674	142.021125189177	148.384635323203	150.658554353877	150.658554353877	153.003267938956	155.415571935376	155.415571935376	156.02884348735	157.892368403289	157.892368403289	160.430670384437	160.430670384437	
176.799321265665	176.799321265665	173.948268171891	173.948268171891	173.948268171891	171.143214881572	171.143214881572	168.386460263288	165.680415257809	163.027605024425	160.430670384437	157.892368403289	155.415571935376	155.415571935376	150.658554353877	148.384635323203	138.195513675372	127.882758806651	123.036579926459	125.131930377502	133.154046127033	142.021125189177	148.384635323203	150.658554353877	150.658554353877	153.003267938956	153.003267938956	155.415571935376	155.415571935376	156.02884348735	157.892368403289	157.892368403289	
176.799321265665	176.799321265665	173.948268171891	173.948268171891	171.143214881572	171.143214881572	168.386460263288	168.386460263288	165.680415257809	163.027605024425	160.430670384437	157.892368403289	156.646097940549	155.415571935376	153.003267938956	148.384635323203	144.062486442516	131.673839467071	124.036285013701	123.199025970176	127.882758806651	136.41847382228	144.062486442516	148.384635323203	150.658554353877	150.658554353877	153.003267938956	153.003267938956	155.415571935376	155.415571935376	155.415571935376	157.892368403289	
176.799321265665	173.948268171891	173.948268171891	173.948268171891	171.143214881572	171.143214881572	168.386460263288	168.386460263288	165.680415257809	163.027605024425	160.430670384437	157.892368403289	157.892368403289	155.415571935376	153.003267938956	150.658554353877	146.184814532837	136.41847382228	126.146739949949	123.065023463208	124.779806058513	130.299654642674	138.65424623862	146.184814532837	148.384635323203	150.658554353877	150.658554353877	151.238222681966	153.003267938956	153.003267938956	155.415571935376	155.415571935376	
173.948268171891	173.948268171891	173.948268171891	171.143214881572	171.143214881572	169.758652209541	168.386460263288	165.680415257809	165.680415257809	163.027605024425	160.430670384437	157.892368403289	156.02884348735	155.415571935376	153.003267938956	150.658554353877	148.384635323203	138.65424623862	129.034879005639	123.91125856838	123.199025970176	126.846363763413	133.154046127033	141.031911282518	146.184814532837	148.384635323203	150.658554353877	150.658554353877	150.658554353877	153.003267938956	153.003267938956	153.003267938956	
Channel : 14
150.096635538576	155.415571935376	157.079597656729	156.272198423136	154.796640790425	153.003267938956	136.857590216984	127.663620503258	149.566038925954	156.236999459155	161.027947884831	163.517583152394	168.67127793433	171.330090760497	171.330090760497	174.040225235432	174.040225235432	176.799321265665	176.799321265665	176.799321265665	176.799321265665	176.799321265665	173.948268171891	173.948268171891	173.948268171891	173.242604459758	171.143214881572	171.143214881572	171.143214881572	168.386460263288	168.386460263288	165.680415257809	
140.035709731482	153.003267938956	157.384878562078	156.977705423414	154.382641511279	155.415571935376	143.589693223434	127	145.499140890934	153.941547348336	158.600126103355	163.517583152394	166.066251839439	168.67127793433	171.330090760497	174.040225235432	174.040225235432	176.799321265665	176.799321265665	176.799321265665	176.799321265665	176.799321265665	173.948268171891	173.948268171891	173.948268171891	171.143214881572	171.143214881572	171.143214881572	168.386460263288	168.386460263288	165.680415257809	165.680415257809	
129.838361049422	148.384635323203	152.269497930479	152.108513897152	151.426549851735	152.269497930479	148.384635323203	128.413394939936	138.397976863826	153.941547348336	158.600126103355	161.027947884831	166.066251839439	168.67127793433	171.330090760497	174.040225235432	174.040225235432	176.799321265665	176.799321265665	176.799321265665	176.08236708995	173.948268171891	173.948268171891	173.948268171891	171.143214881572	171.143214881572	171.143214881572	169.070991006737	168.386460263288	168.386460263288	165.680415257809	165.680415257809	
127.192767089957	137.615406114286	149.806541913229	151.74320413119	154.175224987674	151.74320413119	147.410990092327	127.882758806651	132.853302555864	151.716841517348	156.236999459155	161.027947884831	166.066251839439	168.67127793433	171.330090760497	174.040225235432	174.040225235432	174.725498997714	176.799321265665	175.368184115592	173.948268171891	173.948268171891	173.948268171891	171.143214881572	171.143214881572	171.143214881572	171.143214881572	168.386460263288	168.386460263288	165.680415257809	165.680415257809	165.680415257809	
134.082064423248	127.47548783982	146.184814532837	149.164338901763	148.519359007504	148.734663074886	146.649241389105	131.095385120911	124.458828533777	146.184814532837	156.236999459155	161.027947884831	163.517583152394	166.066251839439	171.330090760497	171.330090760497	174.040225235432	174.040225235432	173.948268171891	173.948268171891	173.948268171891	173.948268171891	171.143214881572	171.143214881572	171.143214881572	169.758652209541	168.386460263288	168.386460263288	165.680415257809	165.680415257809	165.680415257809	163.027605024425	
149.566038925954	129.065874653217	131.673839467071	147.410990092327	148.734663074886	148.519359007504	146.102703602637	135.151766544134	123.036579926459	140.064270961584	150.658554353877	155.415571935376	162.742127305747	166.066251839439	168.67127793433	168.386460263288	171.143214881572	171.143214881572	173.948268171891	173.948268171891	171.840041899436	171.143214881572	171.143214881572	171.143214881572	169.070991006737	168.386460263288	168.386460263288	165.680415257809	165.680415257809	165.680415257809	163.027605024425	163.027605024425	
156.236999459155	141.767415155952	123.036579926459	136.077183980269	143.533968105114	142.863571283935	143.087385887086	138.600144300069	119.507321951419	127.945300812496	150.658554353877	155.415571935376	157.892368403289	163.027605024425	165.680415257809	168.386460263288	171.143214881572	171.143214881572	173.948268171891	171.143214881572	171.143214881572	171.143214881572	171.143214881572	168.386460263288	168.386460263288	168.386460263288	165.680415257809	165.680415257809	165.680415257809	163.027605024425	163.027605024425	160.430670384437	
158.600126103355	153.941547348336	128.844867961436	122.024587686253	141.823834386185	143.087385887086	142.863571283935	137.905764926634	115.247559627091	119.104995697074	145.086181285469	149.806541913229	154.796640790425	160.031246948838	162.732910009008	165.487159622733	167.58579892103	168.291413922398	171.143214881572	171.143214881572	171.143214881572	168.386460263288	168.386460263288	168.386460263288	165.680415257809	165.680415257809	165.680415257809	165.680415257809	163.027605024425	163.027605024425	160.430670384437	160.430670384437	
163.517583152394	158.600126103355	147.871565894191	125.131930377502	121.433109158911	138.600144300069	137.207871494313	134.46932735758	118.532695911297	111.64676439557	133.962681370597	146.649241389105	152.502458996568	157.384878562078	162.732910009008	165.487159622733	165.487159622733	168.291413922398	165.487159622733	168.386460263288	168.386460263288	168.386460263288	165.680415257809	165.680415257809	165.680415257809	165.680415257809	163.027605024425	163.027605024425	160.430670384437	160.430670384437	160.430670384437	157.892368403289	
166.066251839439	161.027947884831	156.236999459155	138.195513675372	119.037809119624	120.540449642433	134.825813552153	134.350288425444	122.331516789419	107.042047812997	127.632284317096	141.031911282518	146.102703602637	154.382641511279	157.079597656729	159.831160916762	162.634559672906	165.487159622733	165.487159622733	165.680415257809	165.680415257809	165.680415257809	165.680415257809	165.680415257809	163.027605024425	163.027605024425	163.027605024425	160.430670384437	160.430670384437	157.892368403289	157.892368403289	157.892368403289	
168.67127793433	163.517583152394	161.027947884831	150.658554353877	129.468142799686	114	114.934764105557	126.150703525585	123.555655475579	100.806745806022	113.216606555752	137.905764926634	143.087385887086	148.734663074886	154.175224987674	156.977705423414	159.831160916762	162.732910009008	162.732910009008	165.680415257809	165.680415257809	163.027605024425	163.027605024425	163.027605024425	160.430670384437	160.430670384437	160.430670384437	157.892368403289	157.892368403289	157.892368403289	155.415571935376	155.415571935376	
171.330090760497	168.67127793433	163.517583152394	155.415571935376	147.410990092327	124.233650835834	107.042047812997	109.59014554238	120.241423810599	97.4987179402888	103.740059764779	129.189782877749	137.440896388229	142.863571283935	150.615404258661	154.175224987674	157.079597656729	157.079597656729	160.031246948838	161.523992025953	163.027605024425	160.430670384437	160.430670384437	160.430670384437	157.892368403289	157.892368403289	157.892368403289	157.892368403289	155.415571935376	155.415571935376	153.003267938956	153.003267938956	
174.040225235432	171.330090760497	166.066251839439	160.430670384437	152.269497930479	144.201248260894	118.532695911297	103.585713300628	96.1353212924365	86.6833317310773	87.692645073575	115.42096863222	131.552270980018	135.771867483658	142.863571283935	145.773797371133	148.734663074886	151.74320413119	154.796640790425	154.796640790425	157.892368403289	157.892368403289	157.892368403289	157.892368403289	155.415571935376	155.415571935376	155.415571935376	153.003267938956	153.003267938956	153.003267938956	150.658554353877	150.658554353877	
176.799321265665	174.040225235432	171.330090760497	163.027605024425	157.384878562078	149.164338901763	137.905764926634	118.701305805791	96.1769203083567	68.6585755750875	51.0881590977792	89.8109124772708	123.036579926459	131.552270980018	137.440896388229	143.087385887086	146.102703602637	149.164338901763	152.269497930479	152.269497930479	155.415571935376	155.415571935376	155.415571935376	154.806330619907	153.003267938956	153.003267938956	153.003267938956	150.658554353877	150.658554353877	148.384635323203	146.184814532837	142.021125189177	
176.799321265665	176.799321265665	174.040225235432	166.352036356637	160.031246948838	154.382641511279	146.102703602637	137.440896388229	118.600168633944	88.102213366067	16.5529453572468	43.3820239269677	97.0463806640928	111.830228471554	124.201449266907	135.417871789509	141.031911282518	144.201248260894	144.201248260894	147.410990092327	150.658554353877	150.658554353877	150.658554353877	150.658554353877	148.384635323203	148.384635323203	146.184814532837	142.523682242636	139.118654392572	135.14806694881	131.673839467071	127.882758806651	
176.799321265665	176.799321265665	176.799321265665	168.386460263288	164.793810563382	157.079597656729	151.426549851735	142.863571283935	131.552270980018	120.241423810599	66.1891229734916	44.2040722106007	80.7527089328897	91.2688336728371	102.615788258922	110.136279218067	120.540449642433	124.775798935531	131.125893705248	135.118466539552	136.565002837477	138.65424623862	138.195513675372	136.853936735485	135.56548233234	133.154046127033	130.299654642674	128.444540561287	125.928551170892	124.458828533777	123.490890352285	123	
176.799321265665	176.799321265665	176.799321265665	173.948268171891	165.487159622733	162.634559672906	154.175224987674	145.663996924429	137.207871494313	128.817700647077	99.0050503762308	80.4114419718985	95.4253635046784	99.0050503762308	100.806745806022	103.237590053236	107.042047812997	111.543713404208	116.10770861575	120.668968670491	121.202310209006	125.131930377502	125.131930377502	124.615408357073	124.458828533777	123.583979544276	123.199025970176	123	123.199025970176	123.583979544276	125.131930377502	126.846363763413	
176.799321265665	176.799321265665	173.948268171891	173.948268171891	171.143214881572	165.487159622733	159.831160916762	153.482898070111	143.087385887086	137.440896388229	111.364267159624	95.0473566176356	110.679718105893	123.036579926459	121.037184369102	120.739388767709	118.532695911297	117.652029306765	119.104995697074	122.024587686253	121.202310209006	125.131930377502	125.131930377502	125.131930377502	125.131930377502	126.846363763413	127.882758806651	129.340635532689	131.673839467071	133.540256102795	138.195513675372	142.021125189177	
176.799321265665	176.799321265665	173.948268171891	173.948268171891	171.143214881572	168.386460263288	162.732910009008	157.079597656729	150.986754385939	143.533968105114	122.674365700418	103.237590053236	109.59014554238	126.150703525585	131.552270980018	134.46932735758	134.825813552153	137.905764926634	138.600144300069	139.520607796841	142.835569799683	140.662717164144	143.209636547266	144.062486442516	144.062486442516	146.184814532837	146.184814532837	148.384635323203	148.384635323203	148.384635323203	150.658554353877	150.658554353877	
176.799321265665	173.948268171891	173.948268171891	171.143214881572	171.143214881572	168.386460263288	165.680415257809	160.430670384437	154.796640790425	146.649241389105	133.093951778434	112.614386292338	113.885907820063	129.807549857472	137.440896388229	137.207871494313	142.863571283935	143.087385887086	146.102703602637	146.649241389105	146.649241389105	149.806541913229	149.806541913229	153.003267938956	153.003267938956	153.003267938956	153.003267938956	153.003267938956	153.003267938956	153.003267938956	153.003267938956	155.415571935376	
176.799321265665	173.948268171891	173.948268171891	171.143214881572	171.143214881572	168.386460263288	165.680415257809	160.430670384437	157.892368403289	153.003267938956	140.662717164144	122.024587686253	118.127050246758	133.962681370597	141.031911282518	143.087385887086	145.773797371133	145.663996924429	148.519359007504	148.734663074886	151.74320413119	154.796640790425	154.796640790425	154.796640790425	157.892368403289	157.892368403289	157.892368403289	157.892368403289	157.892368403289	157.892368403289	157.892368403289	157.892368403289	
173.948268171891	173.948268171891	171.143214881572	171.143214881572	168.386460263288	168.386460263288	163.027605024425	160.430670384437	157.892368403289	153.003267938956	146.184814532837	126.846363763413	124.458828533777	136.565002837477	144.201248260894	148.529458357593	148.734663074886	151.426549851735	151.320851173921	154.175224987674	157.079597656729	157.079597656729	160.031246948838	157.384878562078	157.384878562078	160.430670384437	160.430670384437	160.430670384437	160.430670384437	160.430670384437	160.430670384437	160.430670384437	
173.948268171891	173.242604459758	171.143214881572	171.143214881572	168.386460263288	165.680415257809	163.027605024425	160.430670384437	156.646097940549	153.003267938956	146.184814532837	127.882758806651	123.490890352285	136.41847382228	150.658554353877	149.806541913229	152.269497930479	151.74320413119	154.382641511279	157.079597656729	159.831160916762	159.831160916762	159.831160916762	162.732910009008	162.732910009008	162.732910009008	165.680415257809	165.680415257809	165.680415257809	165.680415257809	165.680415257809	165.680415257809	
173.948268171891	171.143214881572	171.143214881572	168.386460263288	168.386460263288	165.680415257809	163.027605024425	160.430670384437	155.415571935376	153.003267938956	146.184814532837	129.034879005639	123.199025970176	133.154046127033	148.384635323203	153.003267938956	155.415571935376	157.892368403289	157.384878562078	160.031246948838	162.732910009008	164.103625797848	162.634559672906	164.769536019253	165.487159622733	165.487159622733	165.487159622733	168.386460263288	168.386460263288	168.386460263288	168.386460263288	168.386460263288	
171.143214881572	171.143214881572	168.386460263288	168.386460263288	165.680415257809	163.027605024425	160.430670384437	157.892368403289	155.415571935376	153.003267938956	146.184814532837	129.034879005639	123.199025970176	131.673839467071	148.384635323203	150.658554353877	153.003267938956	156.02884348735	160.430670384437	160.430670384437	163.027605024425	165.680415257809	168.386460263288	168.386460263288	167.657388742638	168.291413922398	168.291413922398	168.291413922398	168.291413922398	171.143214881572	171.143214881572	171.143214881572	
171.143214881572	168.386460263288	168.386460263288	165.680415257809	165.680415257809	163.027605024425	160.430670384437	157.892368403289	155.415571935376	153.003267938956	144.062486442516	127.882758806651	123.199025970176	131.673839467071	146.184814532837	150.658554353877	153.003267938956	155.415571935376	157.892368403289	160.430670384437	163.027605024425	165.680415257809	165.680415257809	168.386460263288	168.386460263288	169.758652209541	171.143214881572	171.143214881572	171.143214881572	171.143214881572	171.840041899436	173.948268171891	
168.386460263288	168.386460263288	165.680415257809	165.680415257809	163.027605024425	160.430670384437	157.892368403289	157.892368403289	153.003267938956	150.658554353877	140.064270961584	126.846363763413	123.199025970176	131.673839467071	146.184814532837	150.658554353877	153.003267938956	155.415571935376	157.892368403289	160.430670384437	163.027605024425	163.027605024425	165.680415257809	165.680415257809	168.386460263288	168.386460263288	171.143214881572	171.143214881572	171.143214881572	171.143214881572	171.143214881572	171.143214881572	
168.386460263288	165.680415257809	165.680415257809	163.027605024425	160.430670384437	160.430670384437	157.892368403289	155.415571935376	153.003267938956	150.658554353877	137.29530217746	125.131930377502	123.91125856838	132.774244490413	146.184814532837	150.658554353877	153.003267938956	155.415571935376	157.892368403289	157.892368403289	160.430670384437	163.027605024425	163.027605024425	165.680415257809	165.680415257809	168.386460263288	168.386460263288	168.386460263288	171.143214881572	171.143214881572	171.143214881572	171.143214881572	
165.680415257809	163.027605024425	163.027605024425	160.430670384437	160.430670384437	157.892368403289	155.415571935376	155.415571935376	150.658554353877	146.184814532837	131.673839467071	123.490890352285	125.131930377502	134.736780427617	146.727638841494	150.658554353877	153.003267938956	155.415571935376	157.26728839781	157.892368403289	160.430670384437	163.027605024425	163.027605024425	165.680415257809	165.680415257809	166.352036356637	168.386460263288	168.386460263288	168.386460263288	171.143214881572	171.143214881572	171.143214881572	
163.027605024425	163.027605024425	160.430670384437	160.430670384437	157.892368403289	155.415571935376	155.415571935376	153.003267938956	150.658554353877	142.021125189177	127.882758806651	123.036579926459	126.846363763413	138.195513675372	148.384635323203	150.658554353877	153.003267938956	155.415571935376	155.415571935376	157.892368403289	160.430670384437	160.430670384437	163.027605024425	163.027605024425	165.680415257809	165.680415257809	168.386460263288	168.386460263288	168.386460263288	168.386460263288	169.070991006737	171.143214881572	
160.430670384437	160.430670384437	160.430670384437	157.892368403289	155.415571935376	155.415571935376	153.003267938956	150.658554353877	146.184814532837	133.154046127033	124.458828533777	123.490890352285	130.299654642674	142.021125189177	148.384635323203	150.658554353877	153.003267938956	155.415571935376	155.415571935376	157.892368403289	160.430670384437	160.430670384437	163.027605024425	163.027605024425	165.680415257809	165.680415257809	165.680415257809	168.386460263288	168.386460263288	168.386460263288	168.386460263288	168.386460263288	
160.430670384437	157.892368403289	157.892368403289	155.415571935376	155.415571935376	153.003267938956	150.658554353877	148.384635323203	138.195513675372	127.094453065427	123	125.928551170892	136.41847382228	146.184814532837	148.946299047677	150.658554353877	153.003267938956	155.415571935376	155.415571935376	157.892368403289	160.430670384437	160.430670384437	163.027605024425	163.027605024425	164.347193465541	165.680415257809	165.680415257809	165.680415257809	168.386460263288	168.386460263288	168.386460263288	168.386460263288	
