Channel : 26
153.941547348336	141.767415155952	127.192767089957	132.853302555864	150.096635538576	153.941547348336	158.600126103355	161.027947884831	163.517583152394	163.027605024425	162.732910009008	162.634559672906	161.276160668587	160.031246948838	157.384878562078	152.269497930479	153.003267938956	148.384635323203	136.41847382228	125.131930377502	123.91125856838	133.154046127033	146.184814532837	150.658554353877	155.415571935376	155.415571935376	157.892368403289	160.430670384437	163.027605024425	163.027605024425	165.680415257809	168.386460263288	
156.236999459155	149.566038925954	130.728726758888	127.882758806651	143.589693223434	153.941547348336	156.236999459155	158.600126103355	163.517583152394	163.027605024425	162.732910009008	159.831160916762	159.831160916762	160.031246948838	157.384878562078	154.796640790425	149.806541913229	150.658554353877	138.195513675372	125.928551170892	123.490890352285	130.633073913156	146.184814532837	150.658554353877	153.003267938956	155.415571935376	157.892368403289	160.430670384437	163.027605024425	163.027605024425	165.680415257809	168.386460263288	
158.600126103355	153.941547348336	140.035709731482	127.251719045363	134.082064423248	149.566038925954	153.941547348336	158.600126103355	161.027947884831	160.430670384437	160.031246948838	162.732910009008	159.831160916762	157.079597656729	157.384878562078	154.796640790425	152.269497930479	147.410990092327	140.064270961584	127.094453065427	123.101584067793	129.034879005639	144.062486442516	150.658554353877	153.003267938956	155.415571935376	157.892368403289	160.430670384437	163.027605024425	163.027605024425	165.680415257809	166.352036356637	
158.600126103355	156.236999459155	149.566038925954	131.734581640509	127.882758806651	140.459958707099	151.716841517348	156.236999459155	158.600126103355	157.892368403289	160.430670384437	160.031246948838	159.831160916762	159.831160916762	154.382641511279	154.796640790425	152.269497930479	147.410990092327	138.571281295945	129.034879005639	123	127.882758806651	142.021125189177	150.658554353877	153.003267938956	155.415571935376	157.892368403289	160.430670384437	163.027605024425	163.027605024425	165.680415257809	164.939382804714	
161.027947884831	158.600126103355	153.941547348336	141.767415155952	127.47548783982	130.728726758888	147.492372684149	153.941547348336	156.236999459155	155.415571935376	159.790487827029	157.384878562078	157.079597656729	156.977705423414	154.382641511279	151.74320413119	149.936653290648	149.806541913229	140.662717164144	126.530628703093	120.037494142455	126.846363763413	137.437258412703	148.219431924428	153.003267938956	155.415571935376	155.56670594957	157.384878562078	160.031246948838	160.031246948838	162.732910009008	162.732910009008	
163.517583152394	158.600126103355	156.236999459155	151.716841517348	132.853302555864	127.035428129321	136.857590216984	149.566038925954	153.941547348336	156.208194407336	157.892368403289	157.384878562078	157.079597656729	154.175224987674	154.175224987674	151.74320413119	149.164338901763	146.649241389105	142.835569799683	127.945300812496	119.151164492841	122.024587686253	134.647688431699	145.086181285469	149.806541913229	152.269497930479	154.796640790425	157.384878562078	160.031246948838	160.031246948838	162.732910009008	162.732910009008	
163.517583152394	161.027947884831	158.600126103355	153.941547348336	143.589693223434	129.838361049422	128.413394939936	140.035709731482	151.716841517348	156.236999459155	155.415571935376	154.796640790425	154.382641511279	154.175224987674	151.320851173921	148.734663074886	146.102703602637	146.649241389105	139.520607796841	129.468142799686	119.205704561485	122.024587686253	134.647688431699	145.086181285469	149.806541913229	152.269497930479	154.796640790425	157.384878562078	160.031246948838	160.031246948838	162.732910009008	163.416645419003	
166.066251839439	163.517583152394	158.600126103355	156.236999459155	151.716841517348	138.397976863826	127.47548783982	129.838361049422	145.499140890934	152.266214243344	153.003267938956	152.269497930479	151.74320413119	151.426549851735	151.320851173921	146.454771175268	146.102703602637	143.533968105114	141.823834386185	125.80143083447	115.524889093217	121.202310209006	132.823190746195	145.086181285469	149.806541913229	152.269497930479	154.796640790425	157.384878562078	160.031246948838	160.031246948838	162.732910009008	165.487159622733	
168.67127793433	166.066251839439	161.027947884831	158.600126103355	156.236999459155	151.716841517348	135.417871789509	127.192767089957	132.853302555864	145.499140890934	150.658554353877	149.806541913229	149.164338901763	148.734663074886	148.519359007504	145.663996924429	143.087385887086	140.463518395347	138.600144300069	122.155638429014	115.524889093217	117.277448812634	129.251692445399	141.823834386185	146.649241389105	149.164338901763	151.74320413119	154.382641511279	157.079597656729	157.079597656729	159.831160916762	162.634559672906	
168.67127793433	166.066251839439	163.517583152394	161.027947884831	158.600126103355	153.941547348336	147.492372684149	132.853302555864	127.192767089957	132.853302555864	144.062486442516	147.410990092327	146.649241389105	146.102703602637	145.773797371133	142.863571283935	142.863571283935	140.463518395347	135.417871789509	122.155638429014	111.543713404208	113.357840487546	129.251692445399	141.823834386185	146.649241389105	149.164338901763	151.74320413119	154.382641511279	157.079597656729	157.079597656729	159.831160916762	162.634559672906	
171.330090760497	168.67127793433	166.066251839439	163.517583152394	161.027947884831	157.410291912568	153.941547348336	145.989725665884	130.728726758888	127.035428129321	129.034879005639	138.571281295945	141.823834386185	141.031911282518	141.767415155952	140.121375956704	140.007142674936	137.440896388229	132.280006047777	118.532695911297	107.466273779265	113.357840487546	127.632284317096	138.600144300069	143.533968105114	146.102703602637	148.734663074886	151.426549851735	154.175224987674	156.977705423414	156.977705423414	159.831160916762	
171.330090760497	171.330090760497	168.67127793433	166.066251839439	161.027947884831	158.600126103355	156.236999459155	153.941547348336	141.767415155952	130.728726758888	123.199025970176	125.227792442413	133.093951778434	138.600144300069	137.905764926634	137.440896388229	134.350288425444	134.46932735758	129.189782877749	114.934764105557	103.237590053236	110.353975913875	124.169239346949	135.417871789509	140.463518395347	143.087385887086	145.773797371133	149.241415163486	154.175224987674	156.977705423414	156.977705423414	159.831160916762	
174.040225235432	171.330090760497	168.67127793433	166.712327078714	163.517583152394	161.644672043343	158.600126103355	156.236999459155	153.941547348336	142.523682242636	127.882758806651	119.205704561485	117.477657450257	123.878973195615	133.003759345366	132.548104475319	128.817700647077	128.693434175952	123.555655475579	109.59014554238	99.0454441153151	106.606754007427	122.873919120373	134.825813552153	137.440896388229	141.484981535144	142.863571283935	146.372811683044	151.320851173921	154.175224987674	157.079597656729	157.079597656729	
174.040225235432	174.040225235432	171.330090760497	168.67127793433	166.066251839439	163.517583152394	161.027947884831	158.600126103355	153.003267938956	150.658554353877	140.662717164144	126.530628703093	115.524889093217	112.008928215567	115.316954521007	119.540788018149	126.150703525585	125.896783120142	117.923704148063	99.4032192637643	95	101.242283656583	121.827747249959	131.795295818933	137.207871494313	140.007142674936	142.863571283935	145.663996924429	148.519359007504	151.426549851735	154.382641511279	154.382641511279	
176.799321265665	174.040225235432	174.040225235432	171.330090760497	168.67127793433	166.066251839439	163.517583152394	162.265215003093	155.415571935376	155.415571935376	147.410990092327	140.089257261219	127.47548783982	114.236596587959	107	101.636607578175	105.990565617889	113.004424692133	106.962610289764	93.7763296360014	91.2688336728371	100.647901120689	120.507261192013	128.817700647077	134.350288425444	137.207871494313	140.121375956704	143.087385887086	148.734663074886	148.734663074886	151.74320413119	151.74320413119	
176.799321265665	176.799321265665	174.040225235432	174.040225235432	171.330090760497	168.67127793433	166.066251839439	161.721983663323	160.430670384437	154.796640790425	152.269497930479	146.649241389105	138.600144300069	126.24579200908	110.136279218067	100.284595028349	95.0473566176356	89.9888882029331	78.6002544525143	68.5419579527752	79.9061950038919	97.4166310236604	120.241423810599	125.896783120142	131.552270980018	134.46932735758	137.440896388229	140.463518395347	143.533968105114	148.394743842226	149.164338901763	152.269497930479	
179.605122421383	176.799321265665	176.799321265665	174.040225235432	171.330090760497	168.386460263288	165.680415257809	163.027605024425	158.142340946377	157.384878562078	151.74320413119	149.164338901763	143.533968105114	137.905764926634	129.807549857472	113.251931550857	101.242283656583	87.692645073575	51.478150704935	27.459060435492	48.7647413609464	83.4386001800126	111.521298414249	120.507261192013	129.189782877749	131.795295818933	134.825813552153	137.905764926634	141.031911282518	144.201248260894	144.201248260894	149.806541913229	
176.799321265665	175.368184115592	173.948268171891	173.948268171891	171.143214881572	171.143214881572	168.386460263288	165.680415257809	160.701586799882	160.031246948838	154.382641511279	148.734663074886	146.102703602637	140.121375956704	134.46932735758	128.817700647077	120.507261192013	98.6002028395479	55.4436651025164	20.2484567313166	31	68.6585755750875	92.3579991121505	102.693719379522	113.251931550857	120.739388767709	128.413394939936	133.962681370597	136.242430982422	141.823834386185	145.086181285469	145.086181285469	
176.799321265665	176.799321265665	176.08236708995	173.948268171891	173.948268171891	171.143214881572	168.291413922398	165.487159622733	165.487159622733	159.831160916762	154.175224987674	154.175224987674	148.519359007504	142.863571283935	137.207871494313	131.552270980018	125.896783120142	109.808924956034	87.2811548961172	67.3646791723972	69.3541635375988	86.4060183089118	92.9623579735368	95.2575456328789	103.237590053236	106.066017177982	109.444049632678	115.520560940466	121.433109158911	124.233650835834	129.468142799686	134.736780427617	
176.799321265665	176.799321265665	176.799321265665	175.41379649275	171.143214881572	171.143214881572	168.291413922398	168.291413922398	162.634559672906	159.831160916762	156.977705423414	154.175224987674	148.519359007504	142.863571283935	140.121375956704	134.46932735758	129.189782877749	107.823930553472	95.6347217280419	92.9623579735368	105.118980208143	114.58621208505	113.004424692133	113.251931550857	110.136279218067	111.400179533069	112.614386292338	115.524889093217	115.039123779695	119	123.199025970176	123.490890352285	
174.040225235432	174.040225235432	174.040225235432	174.040225235432	174.040225235432	171.143214881572	168.386460263288	168.386460263288	162.732910009008	162.732910009008	157.079597656729	154.382641511279	148.734663074886	146.102703602637	140.463518395347	135.417871789509	122.873919120373	107.563934476199	99.0807751281751	106.404887105809	121.037184369102	125.896783120142	131.552270980018	131.795295818933	132.280006047777	133.003759345366	131.764942226679	131.125893705248	127.47548783982	127.945300812496	129.034879005639	127.882758806651	
174.040225235432	174.040225235432	174.040225235432	172.002906952179	171.330090760497	171.330090760497	169.85287751463	165.680415257809	165.680415257809	160.031246948838	157.384878562078	154.796640790425	151.74320413119	149.164338901763	141.031911282518	133.962681370597	120.540449642433	107.563934476199	109.444049632678	116.764720699362	129.189782877749	134.46932735758	134.350288425444	137.207871494313	137.440896388229	140.463518395347	143.533968105114	144.201248260894	144.201248260894	145.086181285469	147.275252503603	146.184814532837	
171.330090760497	171.330090760497	171.330090760497	171.330090760497	168.67127793433	168.67127793433	168.67127793433	168.67127793433	163.027605024425	160.430670384437	157.892368403289	155.56670594957	152.269497930479	149.806541913229	139.520607796841	125.80143083447	116.558997936667	115.524889093217	120.540449642433	130.667517004036	140.463518395347	140.121375956704	142.863571283935	142.863571283935	145.773797371133	148.734663074886	149.164338901763	149.164338901763	152.269497930479	149.806541913229	153.003267938956	153.003267938956	
168.67127793433	168.67127793433	168.67127793433	168.67127793433	168.67127793433	168.67127793433	166.066251839439	166.066251839439	163.517583152394	161.027947884831	157.26728839781	155.415571935376	153.003267938956	148.384635323203	131.095385120911	122.024587686253	119.004201606498	120.208152801713	133.093951778434	141.820308841858	143.533968105114	148.734663074886	147.827602294024	148.519359007504	148.519359007504	151.426549851735	154.382641511279	151.74320413119	154.796640790425	157.892368403289	155.415571935376	155.415571935376	
166.066251839439	166.066251839439	166.066251839439	166.066251839439	166.066251839439	163.517583152394	163.517583152394	161.027947884831	161.027947884831	158.600126103355	156.236999459155	153.941547348336	149.566038925954	136.565002837477	125.131930377502	123.199025970176	127.882758806651	134.647688431699	145.660564326794	149.806541913229	149.164338901763	151.74320413119	154.382641511279	154.175224987674	156.977705423414	159.831160916762	157.079597656729	160.031246948838	163.027605024425	160.430670384437	160.430670384437	160.430670384437	
166.066251839439	166.066251839439	163.517583152394	163.517583152394	163.517583152394	161.027947884831	161.027947884831	161.027947884831	158.600126103355	156.236999459155	153.941547348336	149.566038925954	138.397976863826	129.838361049422	127.035428129321	131.734581640509	136.41847382228	148.384635323203	153.003267938956	152.269497930479	154.796640790425	157.384878562078	157.813180691601	159.831160916762	159.831160916762	162.634559672906	162.732910009008	162.732910009008	165.680415257809	163.027605024425	163.027605024425	163.027605024425	
163.517583152394	161.644672043343	161.027947884831	161.027947884831	161.027947884831	158.600126103355	158.600126103355	156.236999459155	156.236999459155	153.941547348336	147.492372684149	136.857590216984	128.565158577276	127.192767089957	132.853302555864	142.214626533279	151.716841517348	156.236999459155	155.415571935376	157.892368403289	160.430670384437	161.721983663323	160.031246948838	162.732910009008	165.487159622733	163.34319698108	165.487159622733	168.386460263288	168.386460263288	165.680415257809	165.680415257809	165.680415257809	
161.027947884831	161.027947884831	158.600126103355	158.600126103355	158.600126103355	156.236999459155	156.236999459155	153.941547348336	151.716841517348	143.589693223434	134.082064423248	127.882758806651	127.47548783982	132.853302555864	143.589693223434	151.716841517348	156.236999459155	158.600126103355	161.027947884831	161.027947884831	160.430670384437	163.027605024425	165.680415257809	168.386460263288	165.487159622733	168.291413922398	168.291413922398	171.143214881572	168.386460263288	168.386460263288	168.386460263288	168.386460263288	
158.600126103355	156.236999459155	156.236999459155	156.236999459155	156.236999459155	153.941547348336	151.716841517348	145.499140890934	136.857590216984	129.838361049422	127	129.065874653217	136.857590216984	147.492372684149	153.941547348336	156.236999459155	158.600126103355	161.027947884831	161.644672043343	163.517583152394	166.066251839439	168.67127793433	168.386460263288	168.386460263288	171.143214881572	171.143214881572	173.948268171891	171.143214881572	171.143214881572	171.143214881572	171.143214881572	171.143214881572	
153.941547348336	153.941547348336	153.941547348336	151.716841517348	151.716841517348	145.499140890934	138.397976863826	131.734581640509	127.47548783982	127.47548783982	131.734581640509	140.035709731482	149.566038925954	153.941547348336	156.236999459155	158.600126103355	161.027947884831	161.027947884831	163.517583152394	166.066251839439	168.67127793433	168.67127793433	171.330090760497	171.330090760497	171.143214881572	173.948268171891	173.948268171891	173.948268171891	173.948268171891	173.948268171891	171.143214881572	171.143214881572	
149.566038925954	147.492372684149	144.059015684545	140.035709731482	134.736780427617	130.049990388312	127.47548783982	127.192767089957	130.728726758888	137.233377864133	147.492372684149	151.716841517348	156.236999459155	156.236999459155	158.600126103355	161.027947884831	163.517583152394	163.517583152394	166.066251839439	168.67127793433	168.67127793433	171.330090760497	171.330090760497	174.040225235432	176.799321265665	176.799321265665	176.799321265665	173.948268171891	173.948268171891	173.948268171891	173.948268171891	173.948268171891	
134.406101051998	132.853302555864	129.838361049422	128.269248068272	127.035428129321	127.47548783982	130.728726758888	135.417871789509	145.499140890934	151.716841517348	153.941547348336	156.236999459155	158.600126103355	161.027947884831	161.027947884831	163.517583152394	166.066251839439	166.066251839439	168.67127793433	168.67127793433	171.330090760497	171.330090760497	174.040225235432	176.799321265665	176.799321265665	176.799321265665	176.799321265665	176.799321265665	176.799321265665	173.948268171891	173.948268171891	173.948268171891	
Channel : 23
166.066251839439	161.027947884831	158.600126103355	153.941547348336	138.798414976541	127.09838708654	135.417871789509	151.716841517348	156.236999459155	158.600126103355	161.027947884831	163.027605024425	162.732910009008	162.732910009008	162.634559672906	162.732910009008	160.031246948838	157.384878562078	157.892368403289	155.415571935376	153.003267938956	148.384635323203	140.064270961584	129.034879005639	123.328828746567	124.036285013701	131.673839467071	142.021125189177	148.384635323203	153.003267938956	153.003267938956	155.415571935376	
166.066251839439	163.517583152394	158.600126103355	156.236999459155	149.566038925954	130.728726758888	129.065874653217	143.589693223434	153.941547348336	156.236999459155	161.027947884831	160.430670384437	160.031246948838	162.732910009008	162.634559672906	159.831160916762	160.031246948838	157.384878562078	154.796640790425	155.415571935376	153.003267938956	148.384635323203	140.064270961584	129.034879005639	123.199025970176	124.169239346949	132.400906341309	142.021125189177	149.512541279988	153.003267938956	155.415571935376	155.415571935376	
168.67127793433	166.066251839439	161.027947884831	158.600126103355	153.941547348336	140.035709731482	127.035428129321	133.150291024842	151.716841517348	154.508899420066	158.600126103355	157.892368403289	157.384878562078	160.031246948838	159.831160916762	159.831160916762	157.079597656729	157.384878562078	154.796640790425	152.269497930479	153.003267938956	148.384635323203	139.588681489582	129.034879005639	123.199025970176	124.458828533777	133.154046127033	144.062486442516	150.658554353877	153.003267938956	155.415571935376	155.415571935376	
168.67127793433	166.066251839439	163.517583152394	158.600126103355	156.236999459155	149.566038925954	130.728726758888	127.882758806651	143.589693223434	153.941547348336	156.236999459155	155.415571935376	157.384878562078	160.031246948838	159.831160916762	156.977705423414	157.079597656729	154.382641511279	154.796640790425	152.269497930479	149.806541913229	148.384635323203	138.195513675372	127.882758806651	123.065023463208	124.615408357073	133.154046127033	144.062486442516	150.658554353877	153.003267938956	155.415571935376	155.415571935376	
171.330090760497	168.67127793433	166.066251839439	161.027947884831	158.600126103355	153.941547348336	141.767415155952	127.882758806651	132.853302555864	149.040263016408	152.295764878739	153.600130208278	154.796640790425	157.384878562078	157.079597656729	156.977705423414	154.175224987674	154.382641511279	151.74320413119	152.269497930479	149.806541913229	145.086181285469	136.41847382228	126.846363763413	123.036579926459	125.131930377502	134.736780427617	146.184814532837	150.658554353877	153.003267938956	155.415571935376	157.892368403289	
171.330090760497	168.67127793433	166.066251839439	163.517583152394	158.600126103355	156.236999459155	151.716841517348	134.406101051998	127.192767089957	136.857590216984	148.384635323203	152.410629550566	152.269497930479	154.796640790425	154.382641511279	154.175224987674	154.175224987674	151.426549851735	151.74320413119	149.164338901763	149.806541913229	145.086181285469	131.518059596392	125.928551170892	123	126.146739949949	136.41847382228	146.184814532837	150.658554353877	153.003267938956	155.415571935376	157.892368403289	
174.040225235432	171.330090760497	168.67127793433	166.066251839439	161.027947884831	158.600126103355	156.236999459155	147.492372684149	129.065874653217	128.413394939936	140.064270961584	148.384635323203	149.806541913229	152.269497930479	151.74320413119	151.426549851735	151.320851173921	151.426549851735	148.734663074886	149.164338901763	144.201248260894	142.835569799683	129.468142799686	121.202310209006	123.199025970176	127.882758806651	138.195513675372	148.384635323203	150.658554353877	153.003267938956	155.415571935376	157.892368403289	
174.040225235432	171.330090760497	168.67127793433	166.066251839439	163.517583152394	161.027947884831	156.821554640936	153.941547348336	138.397976863826	127.47548783982	127.882758806651	142.021125189177	147.410990092327	146.649241389105	146.102703602637	148.734663074886	148.519359007504	148.519359007504	148.734663074886	146.102703602637	144.201248260894	137.29530217746	127.945300812496	120.070812439993	119.507321951419	125.227792442413	138.571281295945	145.086181285469	149.806541913229	153.837576683982	155.415571935376	157.892368403289	
176.799321265665	174.040225235432	171.330090760497	168.67127793433	166.066251839439	163.517583152394	158.600126103355	156.236999459155	151.716841517348	135.417871789509	123.036579926459	129.034879005639	140.662717164144	144.201248260894	143.533968105114	146.102703602637	145.773797371133	142.863571283935	143.087385887086	141.226768000971	141.031911282518	133.093951778434	121.433109158911	119.205704561485	120.507261192013	127.945300812496	140.662717164144	147.410990092327	149.806541913229	152.269497930479	154.796640790425	154.796640790425	
173.948268171891	174.040225235432	174.040225235432	171.330090760497	168.67127793433	166.066251839439	161.027947884831	158.600126103355	153.003267938956	146.184814532837	127.882758806651	123.036579926459	126.530628703093	139.520607796841	141.031911282518	140.463518395347	140.121375956704	140.007142674936	140.121375956704	140.463518395347	135.417871789509	125.706006220864	118.127050246758	115	119.104995697074	128.79829191414	145.086181285469	147.410990092327	149.806541913229	152.269497930479	154.796640790425	157.384878562078	
173.948268171891	173.948268171891	171.143214881572	171.330090760497	168.67127793433	166.712327078714	160.430670384437	157.892368403289	155.415571935376	150.658554353877	138.571281295945	122.971541423209	119.205704561485	122.776219195738	136.242430982422	137.905764926634	137.440896388229	137.207871494313	137.207871494313	137.440896388229	127.412715221048	118.532695911297	112.147224664724	111.543713404208	121.433109158911	133.093951778434	142.411375950097	146.649241389105	149.164338901763	151.74320413119	151.74320413119	157.384878562078	
176.799321265665	173.948268171891	173.948268171891	171.143214881572	168.386460263288	165.680415257809	163.027605024425	160.430670384437	157.892368403289	152.269497930479	147.410990092327	136.565002837477	118.127050246758	112.21853679317	120.540449642433	128.003906190397	134.825813552153	133.003759345366	131.552270980018	131.795295818933	120.370262108213	110.136279218067	107.116758726168	108.673823895177	122.155638429014	136.242430982422	141.031911282518	143.533968105114	149.164338901763	151.74320413119	154.382641511279	154.382641511279	
174.040225235432	175.41379649275	173.948268171891	171.143214881572	171.143214881572	168.386460263288	165.680415257809	160.776242025991	157.384878562078	154.796640790425	152.269497930479	144.201248260894	131.764942226679	116.387284528852	107	108.784190027779	118.983192090312	126.150703525585	125.896783120142	123.166553901617	107.823930553472	100.806745806022	103.237590053236	110.136279218067	126.24579200908	135.417871789509	140.463518395347	146.102703602637	148.734663074886	148.734663074886	151.426549851735	154.175224987674	
174.040225235432	174.040225235432	171.143214881572	171.143214881572	168.291413922398	168.291413922398	165.487159622733	162.732910009008	160.031246948838	157.384878562078	151.74320413119	146.102703602637	141.031911282518	130.667517004036	112.57886124846	103.043680058507	102.615788258922	107.186752912848	117.515956363381	110.421918114114	97.4987179402888	95.2575456328789	101.636607578175	111.364267159624	129.807549857472	134.825813552153	137.440896388229	143.087385887086	145.773797371133	148.519359007504	151.320851173921	154.175224987674	
171.330090760497	174.040225235432	174.040225235432	171.143214881572	171.143214881572	168.291413922398	168.291413922398	165.487159622733	159.831160916762	157.079597656729	151.426549851735	148.734663074886	143.087385887086	140.463518395347	127.412715221048	108.337435819757	96.1769203083567	91.6624241442479	89.9444272870754	86.6083136886985	85.3287759199674	87.692645073575	100.647901120689	118.600168633944	128.817700647077	134.46932735758	137.207871494313	142.863571283935	145.663996924429	145.663996924429	148.519359007504	154.175224987674	
171.330090760497	171.330090760497	171.330090760497	171.330090760497	168.386460263288	168.386460263288	165.487159622733	165.487159622733	162.634559672906	156.977705423414	154.175224987674	148.519359007504	145.773797371133	140.121375956704	134.46932735758	126.150703525585	108.452754690695	87.2811548961172	59.0762219509677	42.4499705535822	59	84.8645980371085	107.415082739809	120.241423810599	128.693434175952	134.350288425444	137.207871494313	140.121375956704	142.863571283935	145.773797371133	148.734663074886	151.426549851735	
168.67127793433	168.67127793433	171.330090760497	171.330090760497	171.330090760497	168.386460263288	165.680415257809	162.732910009008	159.831160916762	159.831160916762	154.175224987674	149.214610544678	145.663996924429	140.007142674936	134.350288425444	128.693434175952	120.241423810599	94.9210198006743	50.4479930225178	13.0384048104053	27.5862284482674	66.7083203206317	103.585713300628	117.515956363381	128.817700647077	131.795295818933	134.46932735758	137.440896388229	143.087385887086	146.102703602637	146.102703602637	151.74320413119	
168.67127793433	168.67127793433	168.67127793433	168.67127793433	168.67127793433	168.67127793433	165.680415257809	165.680415257809	160.031246948838	157.813180691601	154.382641511279	151.426549851735	145.773797371133	140.121375956704	134.46932735758	128.817700647077	117.923704148063	98.8837701546619	76.4852927038918	52.1727898429823	47.0106370941726	71	89.9888882029331	102.420701032555	119.540788018149	126.65701717631	132.280006047777	137.905764926634	141.031911282518	143.533968105114	146.649241389105	146.649241389105	
166.066251839439	166.066251839439	166.066251839439	166.066251839439	166.066251839439	166.066251839439	166.066251839439	163.027605024425	160.430670384437	157.384878562078	154.796640790425	151.74320413119	146.102703602637	141.226768000971	137.905764926634	125.099960031968	109.59014554238	96.8813707582629	91.6624241442479	95.3414914924242	97.6217188949262	98.8837701546619	97.082439194738	99	104.737767782209	110.136279218067	120.307938225206	129.653384066904	136.242430982422	141.823834386185	144.201248260894	147.410990092327	
163.517583152394	163.517583152394	166.066251839439	166.066251839439	164.149322264821	163.517583152394	163.517583152394	163.517583152394	157.892368403289	157.892368403289	152.269497930479	152.269497930479	146.649241389105	141.823834386185	129.653384066904	115.316954521007	104.737767782209	103.237590053236	106.404887105809	113.991227732664	125.896783120142	123.166553901617	116.249731182485	109.59014554238	105.536723466289	107.228727494082	111.543713404208	118.127050246758	121.433109158911	129.282636111738	136.565002837477	144.062486442516	
161.027947884831	161.027947884831	163.517583152394	163.517583152394	161.027947884831	161.027947884831	161.027947884831	161.027947884831	158.600126103355	155.415571935376	153.003267938956	150.658554353877	145.086181285469	134.647688431699	120.208152801713	111.287914887467	111.543713404208	114.232219623012	125.099960031968	131.795295818933	131.552270980018	131.552270980018	134.46932735758	132.280006047777	128.413394939936	123.878973195615	120.208152801713	116.558997936667	119.06720791217	121.202310209006	124.458828533777	126.846363763413	
159.201130649251	161.027947884831	161.027947884831	161.027947884831	161.027947884831	158.600126103355	158.600126103355	158.600126103355	156.236999459155	153.941547348336	151.716841517348	144.062486442516	134.736780427617	122.249744376011	119.037809119624	116.901668080485	123.858790564094	131.764942226679	137.905764926634	137.440896388229	140.121375956704	140.007142674936	140.121375956704	140.463518395347	143.533968105114	141.031911282518	139.520607796841	134.647688431699	127.945300812496	127.882758806651	125.131930377502	123.490890352285	
156.821554640936	158.600126103355	158.600126103355	158.600126103355	156.236999459155	156.236999459155	156.236999459155	153.941547348336	151.716841517348	149.040263016408	140.035709731482	132.853302555864	127.882758806651	123.199025970176	127.349911660747	132.823190746195	139.520607796841	144.201248260894	143.533968105114	146.102703602637	145.773797371133	145.663996924429	145.773797371133	148.734663074886	146.863882557966	149.164338901763	149.806541913229	147.410990092327	148.384635323203	146.184814532837	140.064270961584	136.41847382228	
153.941547348336	156.236999459155	156.236999459155	153.941547348336	153.941547348336	153.941547348336	151.716841517348	149.566038925954	141.767415155952	134.082064423248	129.065874653217	127.035428129321	128.413394939936	134.082064423248	140.064270961584	148.384635323203	147.410990092327	149.806541913229	150.446003602621	151.74320413119	151.426549851735	151.320851173921	154.175224987674	152.161098839355	151.74320413119	154.796640790425	152.269497930479	155.415571935376	153.003267938956	153.003267938956	150.658554353877	150.658554353877	
149.566038925954	149.566038925954	149.566038925954	147.492372684149	145.499140890934	140.459958707099	135.768184785685	131.734581640509	127.882758806651	127	129.065874653217	134.082064423248	141.767415155952	151.716841517348	153.941547348336	153.003267938956	155.415571935376	156.339374439071	157.384878562078	157.384878562078	157.079597656729	159.831160916762	159.831160916762	157.079597656729	160.031246948838	160.430670384437	160.430670384437	157.892368403289	157.892368403289	155.415571935376	155.415571935376	153.003267938956	
135.417871789509	135.417871789509	135.074053763112	133.454111963626	131.217376898031	129.065874653217	127.47548783982	127.035428129321	128.565158577276	132.853302555864	140.459958707099	149.566038925954	153.941547348336	156.236999459155	158.600126103355	158.600126103355	157.892368403289	160.430670384437	163.027605024425	160.031246948838	162.732910009008	162.634559672906	162.634559672906	162.732910009008	165.680415257809	163.027605024425	163.027605024425	160.430670384437	160.430670384437	157.892368403289	157.892368403289	157.892368403289	
127.14165328483	127.192767089957	127.035428129321	127	127.192767089957	128.413394939936	130.96946208945	135.417871789509	141.767415155952	149.566038925954	153.941547348336	156.236999459155	156.236999459155	158.600126103355	161.027947884831	163.517583152394	163.517583152394	163.027605024425	165.680415257809	165.680415257809	165.487159622733	165.487159622733	165.487159622733	168.386460263288	168.386460263288	165.680415257809	165.680415257809	163.027605024425	163.027605024425	160.430670384437	160.430670384437	160.430670384437	
130.728726758888	130.728726758888	131.734581640509	133.150291024842	135.768184785685	140.035709731482	145.499140890934	149.566038925954	153.941547348336	154.508899420066	156.236999459155	158.600126103355	161.027947884831	161.027947884831	163.517583152394	166.066251839439	166.066251839439	168.67127793433	167.026943934205	168.386460263288	171.143214881572	168.291413922398	171.143214881572	171.143214881572	168.386460263288	168.386460263288	165.680415257809	165.680415257809	165.680415257809	163.027605024425	163.027605024425	163.027605024425	
147.492372684149	147.492372684149	148.00337833982	149.566038925954	151.716841517348	153.941547348336	153.941547348336	156.236999459155	156.236999459155	158.600126103355	161.027947884831	161.027947884831	163.517583152394	163.517583152394	166.066251839439	168.67127793433	168.67127793433	171.330090760497	171.330090760497	174.040225235432	171.840041899436	173.948268171891	171.840041899436	171.143214881572	171.143214881572	168.386460263288	168.386460263288	168.386460263288	165.680415257809	165.680415257809	165.680415257809	163.027605024425	
153.941547348336	153.941547348336	153.941547348336	153.941547348336	156.236999459155	156.236999459155	158.600126103355	158.600126103355	161.027947884831	161.027947884831	163.517583152394	163.517583152394	166.066251839439	166.066251839439	168.67127793433	171.330090760497	171.330090760497	171.330090760497	174.040225235432	176.799321265665	173.948268171891	173.948268171891	173.948268171891	173.948268171891	171.143214881572	171.143214881572	171.143214881572	168.386460263288	168.386460263288	168.386460263288	165.680415257809	165.680415257809	
156.236999459155	156.236999459155	158.600126103355	158.600126103355	158.600126103355	161.027947884831	161.027947884831	161.027947884831	163.517583152394	163.517583152394	166.066251839439	166.066251839439	168.67127793433	168.67127793433	171.330090760497	171.330090760497	174.040225235432	174.040225235432	176.799321265665	176.799321265665	176.799321265665	173.948268171891	173.948268171891	173.948268171891	173.948268171891	171.143214881572	171.143214881572	171.143214881572	168.386460263288	168.386460263288	168.386460263288	168.386460263288	
159.201130649251	161.027947884831	161.027947884831	161.027947884831	161.027947884831	163.517583152394	163.517583152394	163.517583152394	166.066251839439	166.066251839439	168.67127793433	168.67127793433	171.330090760497	171.330090760497	174.040225235432	174.040225235432	176.799321265665	176.799321265665	176.799321265665	176.799321265665	176.799321265665	176.799321265665	173.948268171891	173.948268171891	173.948268171891	173.948268171891	171.143214881572	171.143214881572	171.143214881572	171.143214881572	168.386460263288	168.386460263288	
Channel : 20
171.143214881572	171.330090760497	168.67127793433	166.066251839439	161.027947884831	156.236999459155	151.716841517348	131.734581640509	129.838361049422	147.492372684149	153.941547348336	158.600126103355	157.892368403289	160.430670384437	160.031246948838	162.732910009008	162.634559672906	159.831160916762	162.732910009008	160.031246948838	160.430670384437	157.892368403289	157.892368403289	155.415571935376	153.003267938956	150.658554353877	146.184814532837	138.195513675372	129.034879005639	124.036285013701	123.036579926459	124.615408357073	
173.948268171891	174.040225235432	171.330090760497	166.066251839439	163.517583152394	158.600126103355	153.941547348336	140.035709731482	127	138.397976863826	151.716841517348	156.236999459155	155.415571935376	160.430670384437	160.031246948838	162.732910009008	162.634559672906	159.831160916762	162.732910009008	160.031246948838	157.384878562078	157.892368403289	156.02884348735	155.415571935376	153.003267938956	150.658554353877	145.113748487178	136.41847382228	127.882758806651	123.583979544276	123.199025970176	125.928551170892	
173.948268171891	171.143214881572	171.330090760497	168.67127793433	163.517583152394	161.027947884831	156.236999459155	151.716841517348	129.838361049422	129.838361049422	147.492372684149	150.658554353877	155.415571935376	157.892368403289	157.384878562078	160.031246948838	159.831160916762	159.831160916762	159.831160916762	160.031246948838	157.384878562078	154.796640790425	155.415571935376	153.600130208278	153.003267938956	148.384635323203	142.021125189177	133.154046127033	125.928551170892	123.199025970176	123.91125856838	127.882758806651	
171.143214881572	173.948268171891	171.143214881572	168.67127793433	166.066251839439	163.517583152394	158.600126103355	153.941547348336	136.857590216984	127	136.857590216984	148.384635323203	153.003267938956	152.269497930479	154.796640790425	157.079597656729	157.079597656729	156.977705423414	157.079597656729	157.079597656729	157.384878562078	154.796640790425	153.837576683982	153.003267938956	150.658554353877	148.384635323203	140.064270961584	130.299654642674	124.458828533777	123	124.615408357073	129.653384066904	
174.040225235432	173.948268171891	171.143214881572	168.386460263288	165.680415257809	163.517583152394	161.027947884831	156.236999459155	149.566038925954	130.728726758888	128.413394939936	140.064270961584	150.658554353877	149.806541913229	154.796640790425	154.382641511279	154.175224987674	156.272198423136	154.175224987674	154.382641511279	154.796640790425	154.796640790425	152.269497930479	149.806541913229	150.658554353877	144.585614775468	136.41847382228	127.882758806651	123.490890352285	123.199025970176	126.846363763413	133.154046127033	
174.040225235432	171.143214881572	171.143214881572	168.386460263288	165.680415257809	163.027605024425	160.430670384437	155.415571935376	150.658554353877	136.853936735485	123.199025970176	129.034879005639	142.835569799683	147.410990092327	152.269497930479	151.74320413119	151.426549851735	154.175224987674	154.175224987674	151.426549851735	151.74320413119	152.269497930479	149.806541913229	149.806541913229	145.086181285469	142.021125189177	132.034086507992	125.319591445233	123	124.458828533777	129.034879005639	136.41847382228	
171.330090760497	174.040225235432	171.143214881572	171.143214881572	168.386460263288	165.680415257809	160.430670384437	157.892368403289	153.003267938956	148.384635323203	129.034879005639	123.199025970176	131.095385120911	145.086181285469	146.649241389105	146.863882557966	148.734663074886	148.519359007504	148.519359007504	151.426549851735	151.74320413119	149.164338901763	149.806541913229	147.410990092327	142.835569799683	132.823190746195	127.882758806651	123.490890352285	123.405834546021	126.846363763413	133.154046127033	142.021125189177	
171.330090760497	171.330090760497	171.143214881572	168.291413922398	165.487159622733	162.732910009008	163.027605024425	160.430670384437	155.415571935376	153.003267938956	138.571281295945	121.202310209006	121.202310209006	136.565002837477	144.201248260894	143.533968105114	146.102703602637	145.773797371133	145.663996924429	145.773797371133	146.102703602637	149.164338901763	146.649241389105	145.086181285469	136.565002837477	127.945300812496	125.131930377502	123	124.779806058513	130.299654642674	138.195513675372	146.184814532837	
168.67127793433	171.330090760497	171.330090760497	171.143214881572	168.291413922398	165.487159622733	162.732910009008	160.031246948838	154.796640790425	152.269497930479	147.410990092327	132.823190746195	119.507321951419	119.104995697074	133.962681370597	141.031911282518	140.463518395347	140.121375956704	140.716026095111	142.863571283935	143.087385887086	143.533968105114	141.820308841858	137.29530217746	129.468142799686	122.249744376011	119.205704561485	119.94165248153	126.178445068879	136.41847382228	145.113748487178	148.384635323203	
168.67127793433	168.67127793433	171.330090760497	168.386460263288	165.487159622733	165.487159622733	165.487159622733	162.732910009008	157.384878562078	154.796640790425	146.649241389105	141.823834386185	122.776219195738	115	119.037809119624	133.003759345366	137.905764926634	137.440896388229	137.207871494313	137.207871494313	137.440896388229	137.905764926634	136.242430982422	126.178445068879	120.208152801713	117.957619508025	119.205704561485	122.971541423209	129.468142799686	138.571281295945	145.086181285469	147.410990092327	
166.066251839439	166.712327078714	168.67127793433	169.331036729833	167.026943934205	165.487159622733	162.634559672906	159.831160916762	157.079597656729	154.382641511279	149.164338901763	143.533968105114	136.242430982422	116.387284528852	111.220501707194	116.867446279963	129.807549857472	131.795295818933	131.552270980018	133.645052284026	131.795295818933	132.280006047777	124.169239346949	119.037809119624	113	115.039123779695	118.127050246758	127.945300812496	138.571281295945	145.086181285469	147.410990092327	149.806541913229	
163.517583152394	166.066251839439	168.67127793433	168.67127793433	165.680415257809	165.680415257809	162.732910009008	159.831160916762	156.977705423414	154.175224987674	148.734663074886	146.102703602637	141.031911282518	128.413394939936	109.881754627418	104.086502487114	111.364267159624	124.326183887386	128.817700647077	128.693434175952	126.150703525585	119.540788018149	111.6154111223	109.444049632678	111	113.357840487546	124.233650835834	133.093951778434	141.823834386185	144.201248260894	149.806541913229	152.269497930479	
161.027947884831	163.517583152394	166.066251839439	166.066251839439	166.066251839439	163.027605024425	163.465592709903	162.732910009008	159.831160916762	156.977705423414	148.519359007504	145.773797371133	143.087385887086	134.825813552153	122.873919120373	102.615788258922	99.247166206396	104.27847332983	120.507261192013	120.241423810599	113.004424692133	104.27847332983	100.806745806022	103.043680058507	110.353975913875	116.867446279963	131.764942226679	138.600144300069	141.031911282518	146.649241389105	149.164338901763	151.74320413119	
161.027947884831	161.027947884831	163.517583152394	163.517583152394	163.517583152394	166.066251839439	163.027605024425	160.031246948838	157.079597656729	157.079597656729	148.519359007504	145.663996924429	142.863571283935	137.207871494313	131.795295818933	113.991227732664	98.7623410010111	91.2688336728371	93.4772699644143	100.568384694197	95.3414914924242	92.9623579735368	95.0473566176356	102.615788258922	114.934764105557	125.099960031968	135.417871789509	137.905764926634	143.533968105114	146.102703602637	148.734663074886	151.74320413119	
158.600126103355	158.600126103355	161.027947884831	161.027947884831	161.027947884831	163.517583152394	160.430670384437	160.430670384437	157.384878562078	154.382641511279	148.734663074886	145.773797371133	142.863571283935	137.207871494313	134.350288425444	125.896783120142	109.808924956034	84.8645980371085	59.4138031100518	53.0754180388624	71.8470597867442	87.692645073575	97.4987179402888	109.772492000501	121.037184369102	131.795295818933	137.440896388229	140.121375956704	143.087385887086	145.773797371133	145.773797371133	151.426549851735	
156.236999459155	156.236999459155	158.600126103355	159.201130649251	161.027947884831	161.027947884831	161.027947884831	157.892368403289	157.892368403289	154.796640790425	149.164338901763	146.102703602637	143.087385887086	137.440896388229	131.795295818933	125.399362039845	112.294256309038	84.2021377400835	41.1096095821889	7	38.0788655293195	77.5241897732572	104.201727432898	117.515956363381	125.896783120142	131.552270980018	137.207871494313	140.007142674936	142.863571283935	145.663996924429	145.663996924429	151.320851173921	
153.941547348336	155.656673483664	156.236999459155	158.600126103355	158.600126103355	158.600126103355	158.600126103355	158.600126103355	155.415571935376	152.269497930479	149.806541913229	146.649241389105	141.031911282518	135.417871789509	127.412715221048	115.247559627091	104.27847332983	89.9888882029331	63	36.3593179253957	43.1045241245046	71.5541752799933	104.201727432898	120.241423810599	125.896783120142	131.552270980018	137.207871494313	137.207871494313	142.863571283935	145.773797371133	148.519359007504	151.426549851735	
147.492372684149	151.716841517348	153.941547348336	156.236999459155	156.236999459155	156.236999459155	156.236999459155	156.236999459155	154.615652506465	150.658554353877	147.410990092327	145.086181285469	137.29530217746	127.14165328483	115.316954521007	106.480045078879	99.503768772846	95.6347217280419	92.3579991121505	87.4185335040574	82.7647267862342	87.2811548961172	93.8616002420585	107.823930553472	124.201449266907	129.189782877749	134.825813552153	137.440896388229	143.087385887086	143.087385887086	148.734663074886	148.734663074886	
134.736780427617	140.035709731482	147.492372684149	151.716841517348	151.716841517348	151.716841517348	151.716841517348	151.716841517348	149.566038925954	147.492372684149	138.195513675372	129.468142799686	125.227792442413	117.277448812634	111.04053313993	107.563934476199	106.480045078879	109.59014554238	118.600168633944	120.966937631735	117.923704148063	105.990565617889	100.284595028349	99.247166206396	108.784190027779	118.701305805791	133.003759345366	135.417871789509	141.031911282518	143.533968105114	146.649241389105	149.164338901763	
127.47548783982	129.838361049422	134.406101051998	138.397976863826	138.397976863826	138.397976863826	138.397976863826	136.857590216984	134.406101051998	132.853302555864	129.838361049422	123.794184031399	119.004201606498	119.94165248153	119.104995697074	122.155638429014	124.679589348056	132.280006047777	131.795295818933	131.552270980018	131.552270980018	129.189782877749	118.701305805791	107.563934476199	107.042047812997	112.614386292338	119.037809119624	128.502918254801	139.520607796841	141.823834386185	147.410990092327	147.410990092327	
129.065874653217	127.47548783982	127.192767089957	127.882758806651	127.663620503258	127.882758806651	127.769323391806	127.47548783982	127.035428129321	127.035428129321	127.769323391806	129.838361049422	129.034879005639	131.518059596392	140.662717164144	141.823834386185	141.031911282518	140.463518395347	140.121375956704	140.007142674936	137.207871494313	137.440896388229	137.905764926634	130.667517004036	120.540449642433	116.901668080485	115	121.202310209006	126.530628703093	132.823190746195	144.062486442516	148.384635323203	
140.035709731482	135.417871789509	130.728726758888	128.565158577276	128.724512040248	128.565158577276	129.065874653217	129.838361049422	131.734581640509	134.082064423248	137.233377864133	142.214626533279	145.64683312726	148.384635323203	147.410990092327	146.649241389105	149.164338901763	146.102703602637	145.773797371133	145.663996924429	142.863571283935	143.087385887086	143.533968105114	141.031911282518	139.520607796841	129.251692445399	124.040316026685	123.91125856838	123.036579926459	124.951990780459	129.034879005639	134.736780427617	
151.716841517348	149.566038925954	145.499140890934	140.890028036054	141.767415155952	141.767415155952	141.767415155952	144.059015684545	147.492372684149	149.566038925954	151.716841517348	153.941547348336	156.236999459155	153.003267938956	155.415571935376	154.796640790425	152.502458996568	154.382641511279	151.426549851735	151.320851173921	151.426549851735	148.734663074886	149.164338901763	149.164338901763	149.806541913229	147.410990092327	144.062486442516	136.41847382228	127.882758806651	124.458828533777	123	123.91125856838	
156.236999459155	153.941547348336	153.941547348336	151.716841517348	151.716841517348	152.266214243344	153.941547348336	153.941547348336	153.941547348336	156.236999459155	156.236999459155	158.600126103355	158.600126103355	158.672618935971	157.892368403289	158.142340946377	157.384878562078	157.079597656729	159.138304628395	156.977705423414	157.079597656729	154.382641511279	154.796640790425	154.796640790425	155.415571935376	153.003267938956	150.658554353877	148.384635323203	144.062486442516	136.41847382228	129.034879005639	125.131930377502	
158.600126103355	158.600126103355	156.236999459155	156.236999459155	156.236999459155	156.236999459155	157.410291912568	158.600126103355	158.600126103355	158.600126103355	161.027947884831	161.027947884831	163.517583152394	163.517583152394	163.027605024425	163.027605024425	165.680415257809	162.732910009008	162.634559672906	162.634559672906	162.732910009008	160.031246948838	163.027605024425	160.430670384437	157.892368403289	155.415571935376	155.415571935376	153.003267938956	150.658554353877	150.658554353877	146.184814532837	140.064270961584	
161.027947884831	161.027947884831	161.027947884831	158.600126103355	161.027947884831	161.027947884831	161.027947884831	161.027947884831	161.027947884831	161.644672043343	163.517583152394	163.517583152394	166.066251839439	166.066251839439	168.67127793433	165.680415257809	168.386460263288	165.487159622733	165.487159622733	165.487159622733	168.386460263288	165.680415257809	163.027605024425	163.027605024425	160.430670384437	157.892368403289	157.892368403289	155.415571935376	153.003267938956	153.003267938956	150.658554353877	150.658554353877	
163.517583152394	163.517583152394	163.517583152394	161.027947884831	163.517583152394	163.517583152394	163.517583152394	163.517583152394	163.517583152394	166.066251839439	166.066251839439	166.712327078714	168.67127793433	168.67127793433	171.330090760497	169.118301789014	169.070991006737	171.143214881572	171.143214881572	171.143214881572	168.386460263288	168.386460263288	165.680415257809	163.027605024425	163.027605024425	160.430670384437	157.892368403289	157.892368403289	155.415571935376	155.415571935376	153.003267938956	153.003267938956	
166.066251839439	166.066251839439	166.066251839439	164.149322264821	166.066251839439	166.066251839439	166.066251839439	166.066251839439	166.066251839439	168.67127793433	168.67127793433	168.67127793433	171.330090760497	171.330090760497	174.040225235432	174.040225235432	171.840041899436	173.948268171891	171.143214881572	171.143214881572	168.386460263288	168.386460263288	165.680415257809	165.680415257809	163.027605024425	163.027605024425	160.430670384437	160.430670384437	157.892368403289	157.892368403289	155.415571935376	155.415571935376	
168.67127793433	168.67127793433	168.67127793433	168.67127793433	168.67127793433	168.67127793433	168.67127793433	168.67127793433	171.330090760497	171.330090760497	171.330090760497	171.330090760497	174.040225235432	174.040225235432	176.799321265665	176.799321265665	176.799321265665	173.948268171891	173.948268171891	171.143214881572	171.143214881572	168.386460263288	168.386460263288	165.680415257809	165.680415257809	163.027605024425	163.027605024425	160.430670384437	160.430670384437	157.892368403289	157.892368403289	155.415571935376	
171.330090760497	171.330090760497	169.994117545284	168.67127793433	171.330090760497	171.330090760497	171.330090760497	171.330090760497	171.330090760497	174.040225235432	174.040225235432	174.040225235432	176.799321265665	176.799321265665	176.799321265665	176.799321265665	176.799321265665	173.948268171891	173.948268171891	171.143214881572	171.143214881572	171.143214881572	168.386460263288	168.386460263288	165.680415257809	165.680415257809	163.027605024425	163.027605024425	160.430670384437	160.430670384437	160.430670384437	157.892368403289	
171.330090760497	171.330090760497	171.330090760497	171.330090760497	171.330090760497	172.002906952179	174.040225235432	174.040225235432	174.040225235432	176.799321265665	176.799321265665	176.799321265665	176.799321265665	176.799321265665	176.799321265665	176.799321265665	176.799321265665	173.948268171891	173.948268171891	173.948268171891	171.143214881572	171.143214881572	168.386460263288	168.386460263288	168.386460263288	165.680415257809	165.680415257809	163.027605024425	163.027605024425	160.430670384437	160.430670384437	160.430670384437	
174.040225235432	174.040225235432	174.040225235432	174.040225235432	174.040225235432	174.040225235432	176.799321265665	176.799321265665	176.799321265665	176.799321265665	176.799321265665	176.799321265665	176.799321265665	176.799321265665	176.799321265665	176.799321265665	176.799321265665	173.948268171891	173.948268171891	173.948268171891	171.143214881572	171.143214881572	171.143214881572	168.386460263288	168.386460263288	165.680415257809	165.680415257809	165.680415257809	163.027605024425	163.027605024425	163.027605024425	160.430670384437	
Channel : 17
166.066251839439	168.67127793433	168.386460263288	168.291413922398	165.487159622733	165.680415257809	160.430670384437	157.800506970035	153.941547348336	141.767415155952	127.003936946852	136.857590216984	151.716841517348	156.236999459155	157.892368403289	160.430670384437	163.027605024425	162.732910009008	165.487159622733	165.487159622733	165.487159622733	164.793810563382	165.680415257809	165.680415257809	163.027605024425	160.430670384437	160.430670384437	157.892368403289	157.892368403289	155.415571935376	155.415571935376	153.003267938956	
164.149322264821	168.67127793433	168.67127793433	168.386460263288	168.291413922398	165.487159622733	163.027605024425	157.892368403289	156.236999459155	149.566038925954	130.728726758888	129.838361049422	149.566038925954	150.658554353877	155.415571935376	157.892368403289	160.430670384437	160.031246948838	162.732910009008	162.634559672906	165.487159622733	162.732910009008	162.732910009008	163.027605024425	163.027605024425	160.430670384437	157.892368403289	157.892368403289	155.415571935376	155.415571935376	153.003267938956	153.003267938956	
163.517583152394	166.066251839439	168.67127793433	168.386460263288	166.183633369836	165.487159622733	163.027605024425	160.430670384437	155.415571935376	150.658554353877	136.124942607885	127.192767089957	136.41847382228	148.384635323203	153.003267938956	157.26728839781	157.384878562078	160.031246948838	162.732910009008	162.634559672906	159.831160916762	162.732910009008	162.732910009008	160.776242025991	160.430670384437	160.430670384437	157.892368403289	157.892368403289	155.415571935376	153.003267938956	153.003267938956	150.658554353877	
161.027947884831	163.517583152394	166.066251839439	166.424156900373	165.487159622733	167.58579892103	162.732910009008	160.031246948838	157.892368403289	153.003267938956	144.062486442516	123.91125856838	127.094453065427	146.184814532837	150.658554353877	152.269497930479	154.796640790425	157.384878562078	157.079597656729	159.831160916762	159.831160916762	159.831160916762	160.031246948838	160.031246948838	160.430670384437	157.892368403289	157.892368403289	155.415571935376	155.415571935376	153.003267938956	150.658554353877	150.658554353877	
158.600126103355	161.027947884831	163.517583152394	166.066251839439	165.680415257809	165.487159622733	165.487159622733	160.031246948838	157.384878562078	152.269497930479	147.410990092327	135.14806694881	123.036579926459	132.003787824441	145.086181285469	149.806541913229	152.269497930479	151.74320413119	157.079597656729	156.977705423414	156.977705423414	157.079597656729	160.031246948838	157.384878562078	154.796640790425	157.892368403289	155.415571935376	155.415571935376	153.003267938956	153.003267938956	150.658554353877	147.827602294024	
158.600126103355	161.027947884831	163.517583152394	166.066251839439	165.680415257809	162.732910009008	162.634559672906	159.831160916762	157.384878562078	154.796640790425	149.806541913229	140.662717164144	121.202310209006	122.024587686253	140.662717164144	147.410990092327	147.271857460956	151.74320413119	151.426549851735	154.175224987674	155.569919971696	157.079597656729	154.382641511279	157.384878562078	154.796640790425	152.895389073706	155.415571935376	153.003267938956	153.003267938956	150.658554353877	148.384635323203	142.021125189177	
156.236999459155	158.600126103355	161.027947884831	163.517583152394	166.066251839439	163.027605024425	162.732910009008	159.831160916762	157.079597656729	154.382641511279	149.164338901763	144.201248260894	129.468142799686	119	124.233650835834	141.823834386185	146.649241389105	146.102703602637	148.734663074886	151.426549851735	151.320851173921	151.426549851735	154.382641511279	151.74320413119	152.269497930479	152.269497930479	149.806541913229	153.003267938956	150.658554353877	147.827602294024	140.545366341264	134.736780427617	
153.941547348336	156.236999459155	158.600126103355	161.027947884831	163.517583152394	161.074516916861	160.031246948838	159.831160916762	156.977705423414	153.482898070111	151.74320413119	146.649241389105	137.29530217746	118.848643240047	117.085438889727	129.653384066904	141.031911282518	143.533968105114	145.096519599886	148.519359007504	148.519359007504	151.426549851735	148.734663074886	150.446003602621	152.269497930479	149.806541913229	149.806541913229	147.410990092327	146.184814532837	140.064270961584	133.154046127033	128.73616430514	
145.499140890934	153.941547348336	156.236999459155	158.600126103355	161.027947884831	161.027947884831	160.430670384437	160.031246948838	157.079597656729	154.175224987674	151.426549851735	146.75489770362	141.031911282518	127.632284317096	111.543713404208	116.387284528852	130.667517004036	137.905764926634	140.121375956704	142.863571283935	142.863571283935	145.773797371133	146.102703602637	146.102703602637	146.649241389105	145	145.086181285469	140.662717164144	136.41847382228	130.633073913156	125.928551170892	123.685083983478	
135.768184785685	147.492372684149	153.941547348336	156.236999459155	158.600126103355	161.027947884831	157.892368403289	157.384878562078	154.382641511279	154.175224987674	151.320851173921	145.773797371133	140.463518395347	135.417871789509	113.885907820063	107.228727494082	116.867446279963	132.280006047777	137.440896388229	137.207871494313	140.007142674936	140.121375956704	140.463518395347	143.533968105114	144.201248260894	141.823834386185	138.571281295945	131.095385120911	125.227792442413	125.131930377502	123.199025970176	123.199025970176	
128.413394939936	136.488094718917	147.492372684149	153.941547348336	156.236999459155	158.600126103355	158.600126103355	157.892368403289	154.796640790425	151.74320413119	146.454771175268	148.519359007504	140.121375956704	137.440896388229	125.099960031968	106.480045078879	104.086502487114	115.247559627091	129.189782877749	131.552270980018	134.350288425444	134.46932735758	134.825813552153	135.417871789509	133.962681370597	129.251692445399	122.776219195738	122.024587686253	119.507321951419	119	119.94165248153	126.846363763413	
127.318498263214	128.413394939936	136.124942607885	145.989725665884	153.37861650178	156.236999459155	156.236999459155	155.415571935376	152.269497930479	149.164338901763	146.102703602637	145.773797371133	140.007142674936	137.207871494313	131.795295818933	113.740933704625	99.6092365195116	98.7623410010111	121.037184369102	125.896783120142	125.896783120142	126.150703525585	127.612695293219	124.555208642594	117.273185340895	115.247559627091	115.974135047432	115.039123779695	119.94165248153	122.024587686253	126.530628703093	131.095385120911	
134.736780427617	127.882758806651	127.47548783982	132.853302555864	141.767415155952	149.566038925954	151.716841517348	156.236999459155	153.003267938956	149.806541913229	146.649241389105	143.533968105114	137.440896388229	134.46932735758	128.693434175952	123.166553901617	104.316825105062	91.2688336728371	95.3414914924242	111.865991257397	112.294256309038	108.452754690695	107.935165724615	106.480045078879	107.563934476199	107	112.008928215567	119.104995697074	124.233650835834	129.251692445399	140.662717164144	145.086181285469	
147.492372684149	135.417871789509	128.413394939936	127.14165328483	129.838361049422	134.082064423248	141.325864582531	149.566038925954	146.184814532837	147.556768736646	145.086181285469	141.031911282518	137.905764926634	134.825813552153	126.150703525585	123.166553901617	112.432201792903	79.1580697086532	63.3876959669619	69.3541635375988	90.4709898254684	89.9888882029331	95.6347217280419	99.0454441153151	104.737767782209	108.521887193322	116.867446279963	127.632284317096	134.525090596513	141.823834386185	144.201248260894	145.416642788919	
153.941547348336	149.566038925954	138.397976863826	130.728726758888	127.192767089957	127.035428129321	129.065874653217	132.853302555864	134.082064423248	134.736780427617	131.095385120911	133.093951778434	124.779806058513	122.188379152847	116.764720699362	105.990565617889	100.647901120689	77.4725757929863	30.6104557300279	15.556349186104	55	84.3445315358382	94.9210198006743	104.27847332983	113.251931550857	121.827747249959	129.807549857472	137.905764926634	138.683091975915	143.533968105114	143.533968105114	149.164338901763	
156.236999459155	153.941547348336	150.632001911944	143.589693223434	134.082064423248	130.728726758888	127.47548783982	127.035428129321	127.035428129321	127.882758806651	123.91125856838	124.919974383603	116.558997936667	112.614386292338	108.046286377645	99.247166206396	95.0473566176356	87.091905479212	59.9082632030006	33.0151480384384	45.2769256906871	77.987178433381	104.201727432898	114.86513831446	126.150703525585	128.817700647077	134.46932735758	137.440896388229	143.087385887086	143.087385887086	148.734663074886	148.734663074886	
158.600126103355	156.236999459155	153.941547348336	151.716841517348	147.492372684149	140.035709731482	135.417871789509	130.728726758888	130.728726758888	128.413394939936	124.615408357073	119	117.098249346436	116.10770861575	109.444049632678	107.563934476199	104.043260233424	100.647901120689	94.0319094775811	78.6002544525143	75.0599760191808	88.6002257333467	109.808924956034	123.166553901617	128.693434175952	134.350288425444	134.350288425444	140.007142674936	142.863571283935	142.863571283935	148.519359007504	148.519359007504	
161.027947884831	158.600126103355	156.236999459155	156.236999459155	153.941547348336	151.716841517348	149.566038925954	145.499140890934	145.499140890934	140.035709731482	138.195513675372	131.673839467071	132.823190746195	129.251692445399	127.632284317096	128.413394939936	127.412715221048	126.150703525585	125.896783120142	114.86513831446	97.4987179402888	95	101.242283656583	116.249731182485	129.189782877749	131.795295818933	134.46932735758	140.121375956704	142.863571283935	142.863571283935	148.519359007504	149.214610544678	
163.517583152394	161.027947884831	161.027947884831	158.600126103355	157.410291912568	156.236999459155	156.236999459155	153.941547348336	153.941547348336	153.941547348336	153.941547348336	146.184814532837	147.410990092327	144.201248260894	143.405020832605	140.463518395347	137.440896388229	134.46932735758	134.350288425444	128.817700647077	119.540788018149	105.004761796787	103	108.784190027779	122.873919120373	135.417871789509	137.905764926634	140.463518395347	146.102703602637	146.102703602637	148.734663074886	151.426549851735	
166.066251839439	163.517583152394	162.889533119842	161.027947884831	161.027947884831	158.600126103355	158.600126103355	158.600126103355	158.600126103355	156.236999459155	158.600126103355	150.658554353877	155.415571935376	152.269497930479	149.164338901763	146.102703602637	145.773797371133	142.863571283935	140.007142674936	140.121375956704	134.825813552153	121.794909581641	111.400179533069	111	116.387284528852	126.178445068879	136.824705371508	141.031911282518	146.649241389105	146.649241389105	149.164338901763	151.74320413119	
166.066251839439	166.066251839439	166.066251839439	163.517583152394	163.517583152394	163.517583152394	161.027947884831	161.027947884831	161.027947884831	161.027947884831	161.027947884831	153.003267938956	157.892368403289	154.796640790425	157.384878562078	154.382641511279	151.426549851735	148.519359007504	148.519359007504	143.087385887086	143.533968105114	141.031911282518	127.632284317096	119.104995697074	115	118.127050246758	127.47548783982	137.29530217746	145.086181285469	147.410990092327	149.806541913229	152.269497930479	
168.67127793433	168.67127793433	166.066251839439	166.066251839439	166.066251839439	166.066251839439	163.517583152394	163.517583152394	163.517583152394	163.517583152394	163.517583152394	161.027947884831	160.430670384437	163.027605024425	160.031246948838	157.079597656729	154.175224987674	154.175224987674	151.426549851735	148.734663074886	149.164338901763	146.649241389105	141.823834386185	134.647688431699	122.971541423209	123.036579926459	125.131930377502	131.673839467071	142.021125189177	148.384635323203	150.658554353877	150.658554353877	
171.330090760497	171.330090760497	168.67127793433	168.67127793433	168.67127793433	168.67127793433	168.014880293384	166.066251839439	167.361883354604	166.066251839439	168.67127793433	166.066251839439	165.680415257809	165.680415257809	162.732910009008	162.659152831926	162.634559672906	159.831160916762	157.079597656729	154.382641511279	154.796640790425	152.269497930479	149.806541913229	148.384635323203	138.195513675372	127.882758806651	123.199025970176	123.91125856838	129.034879005639	138.195513675372	146.184814532837	148.384635323203	
174.040225235432	171.330090760497	171.330090760497	171.330090760497	171.330090760497	171.330090760497	168.67127793433	168.67127793433	170.66048165876	168.67127793433	171.330090760497	168.67127793433	170.590152119048	168.386460263288	165.487159622733	165.487159622733	165.487159622733	162.732910009008	160.031246948838	163.027605024425	157.892368403289	156.02884348735	153.600130208278	153.003267938956	148.384635323203	138.195513675372	127.882758806651	123.490890352285	123.490890352285	127.882758806651	134.736780427617	142.021125189177	
176.799321265665	174.040225235432	174.040225235432	174.040225235432	174.040225235432	174.040225235432	171.330090760497	171.330090760497	172.678892746045	172.002906952179	174.040225235432	171.330090760497	174.040225235432	171.143214881572	173.948268171891	171.143214881572	168.386460263288	168.386460263288	165.680415257809	163.027605024425	160.430670384437	157.892368403289	155.415571935376	154.806330619907	153.003267938956	148.384635323203	140.064270961584	131.320219311422	125.131930377502	123	125.131930377502	129.034879005639	
176.799321265665	176.799321265665	176.799321265665	176.799321265665	176.799321265665	174.725498997714	174.725498997714	174.040225235432	176.799321265665	176.105082266242	176.799321265665	176.799321265665	176.799321265665	173.948268171891	173.948268171891	171.143214881572	171.143214881572	168.386460263288	165.680415257809	163.027605024425	163.027605024425	160.430670384437	157.892368403289	155.415571935376	153.003267938956	150.658554353877	148.384635323203	140.064270961584	131.673839467071	125.928551170892	123.036579926459	123.91125856838	
176.799321265665	176.799321265665	176.799321265665	176.799321265665	176.799321265665	176.799321265665	176.799321265665	176.799321265665	176.799321265665	176.799321265665	176.799321265665	176.799321265665	176.799321265665	173.948268171891	173.948268171891	171.143214881572	171.143214881572	168.386460263288	165.680415257809	165.680415257809	163.027605024425	160.430670384437	157.892368403289	157.892368403289	155.415571935376	153.003267938956	150.658554353877	148.384635323203	142.021125189177	133.154046127033	125.928551170892	123.490890352285	
176.799321265665	176.799321265665	176.799321265665	176.799321265665	176.799321265665	176.799321265665	176.799321265665	176.799321265665	176.799321265665	176.799321265665	176.799321265665	176.799321265665	176.799321265665	173.948268171891	173.948268171891	171.143214881572	171.143214881572	168.386460263288	168.386460263288	165.680415257809	163.027605024425	160.430670384437	160.430670384437	157.892368403289	155.415571935376	155.415571935376	153.003267938956	150.658554353877	148.384635323203	142.021125189177	133.154046127033	127.094453065427	
176.799321265665	176.799321265665	176.799321265665	176.799321265665	176.799321265665	176.799321265665	176.799321265665	176.799321265665	176.799321265665	176.799321265665	176.799321265665	176.799321265665	176.799321265665	173.948268171891	173.948268171891	171.143214881572	171.143214881572	168.386460263288	168.386460263288	165.680415257809	163.027605024425	163.027605024425	160.430670384437	157.892368403289	157.892368403289	155.415571935376	153.003267938956	153.003267938956	150.658554353877	148.384635323203	143.544418212622	135.14806694881	
176.799321265665	176.799321265665	176.799321265665	176.799321265665	176.799321265665	176.799321265665	176.799321265665	176.799321265665	176.799321265665	176.799321265665	176.799321265665	176.799321265665	173.948268171891	173.948268171891	173.948268171891	171.143214881572	171.143214881572	168.386460263288	168.386460263288	165.680415257809	165.01212076693	163.027605024425	160.430670384437	160.430670384437	157.892368403289	155.415571935376	155.415571935376	153.003267938956	153.003267938956	150.658554353877	148.384635323203	143.031465069753	
176.799321265665	176.799321265665	176.799321265665	176.799321265665	176.799321265665	176.799321265665	176.799321265665	176.799321265665	176.799321265665	176.799321265665	176.799321265665	176.799321265665	173.948268171891	173.948268171891	173.948268171891	171.143214881572	171.143214881572	168.386460263288	168.386460263288	165.680415257809	165.680415257809	163.027605024425	160.430670384437	160.430670384437	157.892368403289	157.892368403289	155.415571935376	155.415571935376	153.003267938956	150.658554353877	150.658554353877	148.384635323203	
176.799321265665	176.799321265665	176.799321265665	176.799321265665	176.799321265665	176.799321265665	176.799321265665	176.799321265665	176.799321265665	176.799321265665	176.799321265665	176.799321265665	173.948268171891	173.948268171891	171.143214881572	171.143214881572	171.143214881572	168.386460263288	168.386460263288	165.680415257809	165.680415257809	163.027605024425	160.430670384437	160.430670384437	157.892368403289	157.892368403289	155.415571935376	155.415571935376	153.003267938956	153.003267938956	150.658554353877	148.384635323203	
Channel : 14
141.767415155952	127.192767089957	145.499140890934	156.236999459155	161.027947884831	163.517583152394	163.027605024425	162.732910009008	162.732910009008	157.384878562078	157.26728839781	156.236999459155	136.857590216984	127.035428129321	138.397976863826	151.716841517348	156.236999459155	158.600126103355	163.517583152394	163.517583152394	168.67127793433	171.330090760497	171.143214881572	171.143214881572	171.143214881572	171.840041899436	171.143214881572	171.143214881572	168.386460263288	168.386460263288	168.386460263288	165.680415257809	
151.716841517348	127.192767089957	136.857590216984	151.716841517348	156.236999459155	161.027947884831	160.430670384437	162.732910009008	162.634559672906	160.031246948838	157.892368403289	153.003267938956	145.499140890934	128.413394939936	132.853302555864	149.566038925954	153.941547348336	158.600126103355	161.027947884831	163.517583152394	168.67127793433	166.352036356637	168.386460263288	171.143214881572	168.291413922398	169.711519938984	171.143214881572	169.758652209541	168.386460263288	168.386460263288	165.680415257809	165.680415257809	
156.236999459155	134.082064423248	128.413394939936	138.397976863826	153.941547348336	158.600126103355	157.892368403289	163.027605024425	159.831160916762	159.831160916762	157.384878562078	152.269497930479	148.384635323203	129.034879005639	127.882758806651	141.767415155952	153.941547348336	156.236999459155	161.027947884831	161.027947884831	163.027605024425	165.680415257809	168.386460263288	165.487159622733	168.291413922398	168.291413922398	171.143214881572	168.386460263288	168.386460263288	165.680415257809	165.680415257809	165.680415257809	
158.600126103355	148.00337833982	129.065874653217	130.049990388312	148.00337833982	156.236999459155	158.600126103355	160.430670384437	160.031246948838	156.977705423414	154.382641511279	154.796640790425	148.00337833982	137.74251340817	123.036579926459	130.633073913156	148.384635323203	153.003267938956	155.415571935376	157.892368403289	163.027605024425	165.680415257809	165.487159622733	165.487159622733	168.291413922398	168.291413922398	168.386460263288	168.386460263288	165.680415257809	165.680415257809	165.680415257809	163.027605024425	
161.027947884831	151.716841517348	143.589693223434	127	132.853302555864	149.566038925954	156.236999459155	157.892368403289	157.384878562078	157.079597656729	154.175224987674	151.74320413119	149.806541913229	142.835569799683	122.024587686253	125.131930377502	140.064270961584	150.658554353877	155.415571935376	155.415571935376	157.384878562078	160.031246948838	162.732910009008	165.487159622733	165.487159622733	165.487159622733	165.487159622733	165.680415257809	165.680415257809	165.680415257809	163.027605024425	163.027605024425	
161.027947884831	153.941547348336	152.266214243344	134.082064423248	127.192767089957	136.857590216984	151.716841517348	156.821554640936	154.796640790425	154.382641511279	154.175224987674	151.426549851735	149.164338901763	144.201248260894	127.945300812496	119	127.945300812496	145.086181285469	152.269497930479	152.269497930479	157.384878562078	160.031246948838	159.831160916762	162.634559672906	162.634559672906	162.732910009008	162.732910009008	165.680415257809	163.027605024425	163.027605024425	161.721983663323	160.430670384437	
163.517583152394	158.600126103355	156.236999459155	145.499140890934	129.065874653217	128.413394939936	139.204884971757	153.941547348336	155.415571935376	154.796640790425	151.426549851735	151.320851173921	148.734663074886	143.533968105114	133.093951778434	116.558997936667	118.127050246758	139.520607796841	146.649241389105	146.649241389105	151.74320413119	154.382641511279	159.831160916762	156.977705423414	159.831160916762	162.732910009008	161.37533888423	160.776242025991	163.027605024425	160.430670384437	160.430670384437	157.892368403289	
166.066251839439	161.027947884831	158.600126103355	151.716841517348	136.857590216984	127.318498263214	128.891427178071	140.890028036054	150.658554353877	150.416089564913	151.74320413119	148.519359007504	145.663996924429	143.087385887086	138.600144300069	117.652029306765	111.220501707194	129.653384066904	141.031911282518	143.533968105114	148.734663074886	151.426549851735	154.175224987674	156.977705423414	157.079597656729	157.079597656729	160.031246948838	157.384878562078	157.384878562078	157.892368403289	157.892368403289	157.892368403289	
168.67127793433	163.517583152394	161.027947884831	156.236999459155	153.941547348336	135.417871789509	128.413394939936	128.413394939936	138.224455144522	148.384635323203	146.649241389105	146.102703602637	142.863571283935	142.863571283935	137.440896388229	124.169239346949	108.503456166152	120.540449642433	135.417871789509	141.031911282518	143.087385887086	145.773797371133	151.320851173921	151.320851173921	151.426549851735	154.382641511279	157.384878562078	154.796640790425	154.796640790425	157.892368403289	155.415571935376	155.415571935376	
170.66048165876	166.066251839439	163.517583152394	158.600126103355	156.236999459155	149.566038925954	140.035709731482	128.132743668432	129.065874653217	133.154046127033	145.086181285469	144.308696896618	143.087385887086	137.207871494313	134.46932735758	126.65701717631	110.136279218067	108.673823895177	122.873919120373	132.280006047777	138.77319625922	142.863571283935	145.663996924429	145.773797371133	148.734663074886	151.74320413119	151.74320413119	152.269497930479	152.269497930479	152.269497930479	153.003267938956	153.003267938956	
171.330090760497	168.67127793433	166.066251839439	161.027947884831	158.600126103355	156.236999459155	153.941547348336	140.035709731482	128.413394939936	123.259888041487	126.530628703093	133.093951778434	138.600144300069	137.440896388229	131.552270980018	128.817700647077	113.991227732664	99	108.747413762351	121.827747249959	134.46932735758	137.207871494313	142.863571283935	140.121375956704	146.102703602637	146.102703602637	147.898613921835	149.806541913229	149.806541913229	147.410990092327	147.410990092327	148.384635323203	
174.040225235432	171.330090760497	168.67127793433	163.517583152394	161.027947884831	158.600126103355	156.236999459155	151.716841517348	140.035709731482	130.728726758888	123	121.396046064112	120.540449642433	124.169239346949	126.65701717631	123.166553901617	117.515956363381	94.9210198006743	93.8616002420585	106.329676008159	125.896783120142	131.552270980018	134.46932735758	137.440896388229	140.463518395347	141.031911282518	144.201248260894	141.823834386185	145.086181285469	140.662717164144	136.565002837477	135.56548233234	
176.799321265665	174.040225235432	168.67127793433	168.67127793433	166.066251839439	161.027947884831	161.027947884831	158.600126103355	153.941547348336	149.566038925954	133.154046127033	122.024587686253	115.039123779695	110.367567699936	106.480045078879	102.693719379522	101.71037311897	90.6972987469859	71.0633520177595	73.0068489937759	108.93117092917	117.923704148063	121.037184369102	121.827747249959	122.873919120373	126.24579200908	125.706006220864	124.233650835834	121.433109158911	122.971541423209	121.396046064112	119.94165248153	
176.799321265665	174.040225235432	171.330090760497	171.330090760497	168.67127793433	166.066251839439	163.517583152394	161.027947884831	158.600126103355	156.236999459155	148.946299047677	138.571281295945	124.233650835834	115.247559627091	104.560986988456	99.247166206396	91.2688336728371	82.2800097228969	35.4682957019364	36.3593179253957	73.824115301167	92.3579991121505	99.929975482835	103.740059764779	106.480045078879	109.444049632678	112.614386292338	115.212846505934	115.039123779695	119.037809119624	119.507321951419	120.507261192013	
176.799321265665	176.799321265665	174.040225235432	171.330090760497	171.330090760497	166.712327078714	166.066251839439	163.517583152394	161.027947884831	161.027947884831	155.415571935376	149.806541913229	144.201248260894	136.242430982422	128.413394939936	115.247559627091	104.27847332983	93.8616002420585	47.4236228055175	24.0416305603426	50.6951674225463	85.146931829632	92.2279784013506	96.1769203083567	100.806745806022	104.737767782209	110.353975913875	116.387284528852	124.233650835834	124.233650835834	127.47548783982	134.647688431699	
176.799321265665	176.799321265665	176.799321265665	174.040225235432	171.330090760497	171.330090760497	168.67127793433	166.066251839439	166.066251839439	163.517583152394	157.892368403289	156.339374439071	152.269497930479	145.866377208732	140.463518395347	134.825813552153	126.150703525585	120.507261192013	92.3146792227542	71.8470597867442	72.2357252334328	94.9210198006743	107.415082739809	110.679718105893	117.345643293648	122.873919120373	128.413394939936	133.003759345366	138.600144300069	138.600144300069	141.823834386185	144.201248260894	
176.799321265665	176.799321265665	176.799321265665	176.799321265665	174.040225235432	171.330090760497	171.330090760497	168.67127793433	168.67127793433	166.066251839439	160.430670384437	160.430670384437	154.796640790425	151.74320413119	145.773797371133	140.121375956704	137.207871494313	132.943597062815	117.923704148063	94.9210198006743	92.9623579735368	102.576800496019	120.241423810599	123.745706996243	128.817700647077	131.795295818933	137.440896388229	140.463518395347	143.533968105114	143.533968105114	143.533968105114	149.164338901763	
176.799321265665	176.799321265665	176.799321265665	176.799321265665	176.799321265665	174.040225235432	174.040225235432	171.330090760497	171.330090760497	168.67127793433	165.680415257809	163.027605024425	160.031246948838	154.382641511279	151.426549851735	145.663996924429	140.007142674936	140.121375956704	129.189782877749	107.935165724615	99.0454441153151	103.740059764779	124.201449266907	128.817700647077	131.552270980018	134.350288425444	137.207871494313	142.863571283935	143.087385887086	145.773797371133	148.734663074886	148.734663074886	
176.799321265665	176.799321265665	176.799321265665	176.799321265665	176.799321265665	176.799321265665	176.799321265665	174.725498997714	174.040225235432	171.330090760497	168.386460263288	168.386460263288	162.732910009008	159.831160916762	156.977705423414	154.175224987674	148.519359007504	143.087385887086	138.538803228554	124.169239346949	106.480045078879	107.563934476199	116.764720699362	132.280006047777	134.825813552153	137.440896388229	142.863571283935	142.863571283935	145.663996924429	148.519359007504	151.320851173921	154.175224987674	
176.799321265665	176.799321265665	176.799321265665	176.799321265665	176.799321265665	176.799321265665	176.799321265665	176.799321265665	176.799321265665	176.799321265665	171.143214881572	171.143214881572	165.487159622733	162.634559672906	159.831160916762	157.079597656729	154.382641511279	151.74320413119	143.533968105114	138.600144300069	125.706006220864	115.039123779695	116.387284528852	129.653384066904	141.031911282518	143.533968105114	146.102703602637	148.734663074886	148.734663074886	151.426549851735	154.175224987674	154.175224987674	
176.799321265665	176.799321265665	176.799321265665	176.799321265665	176.799321265665	176.799321265665	176.799321265665	176.799321265665	176.799321265665	176.799321265665	173.948268171891	173.948268171891	171.143214881572	168.386460263288	162.732910009008	160.031246948838	157.384878562078	154.796640790425	152.269497930479	144.201248260894	136.565002837477	120.507261192013	119.94165248153	125.80143083447	139.520607796841	144.201248260894	146.649241389105	149.164338901763	151.74320413119	151.74320413119	154.382641511279	154.382641511279	
176.799321265665	176.799321265665	176.799321265665	176.799321265665	176.799321265665	176.799321265665	176.799321265665	176.799321265665	176.799321265665	176.799321265665	173.948268171891	173.948268171891	171.143214881572	168.386460263288	165.680415257809	163.027605024425	160.430670384437	157.892368403289	155.415571935376	153.003267938956	138.195513675372	127.882758806651	123	127.882758806651	140.064270961584	148.384635323203	147.410990092327	149.806541913229	155.415571935376	154.796640790425	154.796640790425	157.384878562078	
176.799321265665	176.799321265665	176.799321265665	176.799321265665	176.799321265665	176.799321265665	176.799321265665	176.799321265665	176.799321265665	176.799321265665	173.948268171891	171.143214881572	171.143214881572	168.386460263288	165.680415257809	163.027605024425	160.430670384437	157.892368403289	155.415571935376	153.003267938956	142.021125189177	133.154046127033	123.490890352285	123.91125856838	133.154046127033	144.062486442516	150.658554353877	153.003267938956	153.003267938956	155.415571935376	155.415571935376	157.892368403289	
176.799321265665	176.799321265665	176.799321265665	176.799321265665	176.799321265665	176.799321265665	176.799321265665	176.799321265665	176.799321265665	173.948268171891	173.948268171891	171.143214881572	171.143214881572	168.386460263288	165.680415257809	163.027605024425	160.430670384437	157.892368403289	155.415571935376	155.415571935376	148.384635323203	138.195513675372	125.928551170892	123	129.034879005639	138.195513675372	148.384635323203	150.658554353877	153.003267938956	153.003267938956	155.415571935376	155.415571935376	
176.799321265665	176.799321265665	176.799321265665	176.799321265665	176.799321265665	176.799321265665	176.799321265665	176.799321265665	173.948268171891	173.948268171891	173.948268171891	171.143214881572	168.386460263288	168.386460263288	165.680415257809	163.027605024425	160.430670384437	157.892368403289	155.415571935376	155.415571935376	150.658554353877	142.021125189177	129.034879005639	123.490890352285	125.131930377502	131.673839467071	144.062486442516	148.384635323203	150.658554353877	150.658554353877	153.003267938956	155.415571935376	
176.799321265665	176.799321265665	176.799321265665	176.799321265665	176.799321265665	176.799321265665	176.799321265665	176.799321265665	173.948268171891	173.948268171891	171.143214881572	171.143214881572	168.386460263288	168.386460263288	165.680415257809	163.027605024425	160.430670384437	157.892368403289	155.415571935376	155.415571935376	151.238222681966	146.184814532837	131.673839467071	125.131930377502	123.583979544276	127.882758806651	138.195513675372	144.062486442516	150.658554353877	150.658554353877	151.238222681966	153.003267938956	
176.799321265665	176.799321265665	176.799321265665	176.799321265665	176.799321265665	176.799321265665	176.08236708995	173.948268171891	173.948268171891	171.840041899436	171.143214881572	171.143214881572	168.386460263288	165.680415257809	163.027605024425	163.027605024425	160.430670384437	157.892368403289	155.415571935376	155.415571935376	153.003267938956	146.184814532837	134.736780427617	126.146739949949	123.199025970176	125.928551170892	134.736780427617	140.545366341264	148.384635323203	148.384635323203	150.658554353877	153.003267938956	
176.799321265665	176.799321265665	176.799321265665	176.799321265665	176.799321265665	173.948268171891	173.948268171891	173.948268171891	173.948268171891	171.143214881572	171.143214881572	168.386460263288	168.386460263288	165.680415257809	163.027605024425	160.430670384437	160.430670384437	157.892368403289	155.415571935376	155.415571935376	153.003267938956	146.727638841494	136.41847382228	127.882758806651	123	124.458828533777	131.673839467071	140.064270961584	146.184814532837	148.384635323203	150.658554353877	150.658554353877	
176.799321265665	176.799321265665	176.799321265665	176.799321265665	173.948268171891	173.948268171891	173.948268171891	171.143214881572	171.143214881572	171.143214881572	168.386460263288	168.386460263288	165.680415257809	163.027605024425	163.027605024425	160.430670384437	159.154013458662	157.892368403289	155.415571935376	155.415571935376	153.003267938956	146.184814532837	136.41847382228	127.882758806651	123.036579926459	123.794184031399	129.034879005639	138.195513675372	146.184814532837	146.184814532837	148.384635323203	150.658554353877	
176.799321265665	174.656806337457	173.948268171891	173.948268171891	173.948268171891	173.948268171891	171.143214881572	171.143214881572	171.143214881572	168.386460263288	168.386460263288	165.680415257809	165.680415257809	163.027605024425	160.430670384437	160.430670384437	157.892368403289	155.415571935376	153.003267938956	153.003267938956	150.658554353877	146.184814532837	136.41847382228	128.160056179763	123.036579926459	123.490890352285	127.882758806651	135.14806694881	144.062486442516	144.062486442516	148.384635323203	150.658554353877	
173.948268171891	173.948268171891	173.948268171891	173.948268171891	173.948268171891	171.143214881572	171.143214881572	171.143214881572	168.386460263288	168.386460263288	165.680415257809	165.680415257809	163.027605024425	161.721983663323	160.430670384437	157.892368403289	157.892368403289	155.415571935376	153.003267938956	153.003267938956	150.658554353877	144.062486442516	134.736780427617	127.882758806651	123.036579926459	123.490890352285	127.882758806651	133.540256102795	142.523682242636	142.523682242636	148.384635323203	148.384635323203	
173.948268171891	173.948268171891	173.948268171891	171.143214881572	171.143214881572	171.143214881572	171.143214881572	168.386460263288	168.386460263288	165.680415257809	165.680415257809	163.027605024425	163.027605024425	160.430670384437	157.892368403289	157.892368403289	155.415571935376	155.415571935376	153.003267938956	150.658554353877	148.384635323203	142.021125189177	132.034086507992	126.846363763413	123	123.794184031399	127.882758806651	133.154046127033	142.021125189177	143.544418212622	146.184814532837	148.384635323203	
